# LOW                HIGH               COUNT
  0.0                0.2                1636 
  0.2                0.4                3278 
  0.4                0.6000000000000001 4440 
  0.6000000000000001 0.8                6301 
  0.8                1.0                5525 
  1.0                1.2                4104 
  1.2000000000000002 1.4000000000000001 3930 
  1.4000000000000001 1.6                3438 
  1.6                1.8                3359 
  1.8                2.0                2115 
  2.0                2.2                1455 
  2.2                2.4000000000000004 1272 
  2.4000000000000004 2.6000000000000005 1020 
  2.6                2.8000000000000003 669  
  2.8000000000000003 3.0000000000000004 441  
  3.0                3.2                266  
  3.2                3.4000000000000004 212  
  3.4000000000000004 3.6000000000000005 143  
  3.6                3.8000000000000003 84   
  3.8000000000000003 4.0                58   
