2.500000e-01 0.000000e+00
2.625000e-01 0.000000e+00
2.750000e-01 0.000000e+00
2.875000e-01 0.000000e+00
3.000000e-01 0.000000e+00
3.125000e-01 0.000000e+00
3.250000e-01 0.000000e+00
3.375000e-01 0.000000e+00
3.500000e-01 0.000000e+00
3.625000e-01 0.000000e+00
3.750000e-01 0.000000e+00
3.875000e-01 0.000000e+00
4.000000e-01 0.000000e+00
4.125000e-01 0.000000e+00
4.250000e-01 0.000000e+00
4.375000e-01 0.000000e+00
4.500000e-01 -1.154069e-314
4.625000e-01 -3.170902e-303
4.750000e-01 -8.712318e-292
4.875000e-01 -2.393782e-280
5.000000e-01 -6.577118e-269
5.125000e-01 -1.807118e-257
5.250000e-01 -4.965209e-246
5.375000e-01 -1.364233e-234
5.500000e-01 -3.748344e-223
5.625000e-01 -1.029889e-211
5.750000e-01 -2.829706e-200
5.875000e-01 -7.774855e-189
6.000000e-01 -2.136207e-177
6.125000e-01 -5.869407e-166
6.250000e-01 -1.612669e-154
6.375000e-01 -4.430942e-143
6.500000e-01 -1.217439e-131
6.625000e-01 -3.345014e-120
6.750000e-01 -9.190707e-109
6.875000e-01 -2.525224e-97
7.000000e-01 -6.938264e-86
7.125000e-01 -1.906346e-74
7.250000e-01 -5.237846e-63
7.375000e-01 -1.439142e-51
7.500000e-01 -3.954164e-40
7.625000e-01 -1.086440e-28
7.750000e-01 -2.985084e-17
7.875000e-01 5.631832e-16
8.000000e-01 3.375295e-15
8.125000e-01 1.658207e-14
8.250000e-01 7.314673e-14
8.375000e-01 3.064428e-13
8.500000e-01 1.217273e-12
8.625000e-01 4.592436e-12
8.750000e-01 1.646878e-11
8.875000e-01 5.631834e-11
9.000000e-01 1.836702e-10
9.125000e-01 5.721251e-10
9.250000e-01 1.707338e-09
9.375000e-01 4.884399e-09
9.500000e-01 1.340372e-08
9.625000e-01 3.535750e-08
9.750000e-01 8.983746e-08
9.875000e-01 2.197130e-07
1.000000e+00 5.201266e-07
1.012500e+00 1.189544e-06
1.025000e+00 2.621968e-06
1.037500e+00 5.597162e-06
1.050000e+00 1.157987e-05
1.062500e+00 2.325901e-05
1.075000e+00 4.532749e-05
1.087500e+00 8.585706e-05
1.100000e+00 1.582094e-04
1.112500e+00 2.838680e-04
1.125000e+00 4.963665e-04
1.137500e+00 8.472556e-04
1.150000e+00 1.410525e-03
1.162500e+00 2.294082e-03
1.175000e+00 3.647545e-03
1.187500e+00 5.677043e-03
1.200000e+00 8.672510e-03
1.212500e+00 1.298263e-02
1.225000e+00 1.898613e-02
1.237500e+00 2.727612e-02
1.250000e+00 3.843803e-02
1.262500e+00 5.320871e-02
1.275000e+00 7.246004e-02
1.287500e+00 9.696279e-02
1.300000e+00 1.277947e-01
1.312500e+00 1.656906e-01
1.325000e+00 2.118188e-01
1.337500e+00 2.666664e-01
1.350000e+00 3.313653e-01
1.362500e+00 4.062697e-01
1.375000e+00 4.912176e-01
1.387500e+00 5.868672e-01
1.400000e+00 6.949366e-01
1.412500e+00 8.134384e-01
1.425000e+00 9.385460e-01
1.437500e+00 1.071681e+00
1.450000e+00 1.209970e+00
1.462500e+00 1.353678e+00
1.475000e+00 1.499840e+00
1.487500e+00 1.646288e+00
1.500000e+00 1.790744e+00
1.512500e+00 1.929040e+00
1.525000e+00 2.062418e+00
1.537500e+00 2.186952e+00
1.550000e+00 2.298331e+00
1.562500e+00 2.399064e+00
1.575000e+00 2.482786e+00
1.587500e+00 2.549300e+00
1.600000e+00 2.609572e+00
1.612500e+00 2.652676e+00
1.625000e+00 2.667041e+00
1.637500e+00 2.664855e+00
1.650000e+00 2.645375e+00
1.662500e+00 2.606419e+00
1.675000e+00 2.551764e+00
1.687500e+00 2.482690e+00
1.700000e+00 2.400684e+00
1.712500e+00 2.307391e+00
1.725000e+00 2.202238e+00
1.737500e+00 2.089558e+00
1.750000e+00 1.971194e+00
1.762500e+00 1.847011e+00
1.775000e+00 1.720729e+00
1.787500e+00 1.592863e+00
1.800000e+00 1.476700e+00
1.812500e+00 1.361894e+00
1.825000e+00 1.239089e+00
1.837500e+00 1.122511e+00
1.850000e+00 1.011798e+00
1.862500e+00 9.073547e-01
1.875000e+00 8.086837e-01
1.887500e+00 7.171891e-01
1.900000e+00 6.329610e-01
1.912500e+00 5.559606e-01
1.925000e+00 4.860380e-01
1.937500e+00 4.224152e-01
1.950000e+00 3.659135e-01
1.962500e+00 3.151621e-01
1.975000e+00 2.705643e-01
1.987500e+00 2.309908e-01
2.000000e+00 1.982943e-01
2.012500e+00 1.695415e-01
2.025000e+00 1.429879e-01
2.037500e+00 1.202646e-01
2.050000e+00 1.007757e-01
2.062500e+00 8.411852e-02
2.075000e+00 6.995181e-02
2.087500e+00 5.795713e-02
2.100000e+00 4.791918e-02
2.112500e+00 3.948162e-02
2.125000e+00 3.241863e-02
2.137500e+00 2.657248e-02
2.150000e+00 2.167490e-02
2.162500e+00 1.768213e-02
2.175000e+00 1.435446e-02
2.187500e+00 1.162432e-02
2.200000e+00 9.475655e-03
2.212500e+00 7.701437e-03
2.225000e+00 6.196466e-03
2.237500e+00 4.977254e-03
2.250000e+00 3.995120e-03
2.262500e+00 3.198661e-03
2.275000e+00 2.554741e-03
2.287500e+00 2.035591e-03
2.300000e+00 1.621176e-03
2.312500e+00 1.288257e-03
2.325000e+00 1.023416e-03
2.337500e+00 8.097932e-04
2.350000e+00 6.406712e-04
2.362500e+00 5.058863e-04
2.375000e+00 3.986575e-04
2.387500e+00 3.133650e-04
2.400000e+00 2.474757e-04
2.412500e+00 1.951003e-04
2.425000e+00 1.525666e-04
2.437500e+00 1.194290e-04
2.450000e+00 9.316083e-05
2.462500e+00 7.270329e-05
2.475000e+00 5.653866e-05
2.487500e+00 4.399424e-05
2.500000e+00 3.411477e-05
2.512500e+00 2.641747e-05
2.525000e+00 2.047275e-05
2.537500e+00 1.581219e-05
2.550000e+00 1.219727e-05
2.562500e+00 9.377374e-06
2.575000e+00 7.215582e-06
2.587500e+00 5.541711e-06
2.600000e+00 4.273151e-06
2.612500e+00 3.292135e-06
2.625000e+00 2.514429e-06
2.637500e+00 1.915787e-06
2.650000e+00 1.461702e-06
2.662500e+00 1.111517e-06
2.675000e+00 8.443814e-07
2.687500e+00 6.408207e-07
2.700000e+00 4.858705e-07
2.712500e+00 3.671324e-07
2.725000e+00 2.778404e-07
2.737500e+00 2.095414e-07
2.750000e+00 1.578809e-07
2.762500e+00 1.188532e-07
2.775000e+00 8.937075e-08
2.787500e+00 6.702988e-08
2.800000e+00 5.092247e-08
2.812500e+00 3.865850e-08
2.825000e+00 2.893113e-08
2.837500e+00 2.166846e-08
2.850000e+00 1.617054e-08
2.862500e+00 1.209240e-08
2.875000e+00 9.035360e-09
2.887500e+00 6.723915e-09
2.900000e+00 5.015421e-09
2.912500e+00 3.737942e-09
2.925000e+00 2.773900e-09
2.937500e+00 2.063723e-09
2.950000e+00 1.534038e-09
2.962500e+00 1.139411e-09
2.975000e+00 8.452813e-10
2.987500e+00 6.250300e-10
3.000000e+00 4.709088e-10
3.012500e+00 3.544747e-10
3.025000e+00 2.627967e-10
3.037500e+00 1.942353e-10
3.050000e+00 1.440986e-10
3.062500e+00 1.063298e-10
3.075000e+00 7.874591e-11
3.087500e+00 5.826982e-11
3.100000e+00 4.308130e-11
3.112500e+00 3.182349e-11
3.125000e+00 2.348570e-11
3.137500e+00 1.740964e-11
3.150000e+00 1.282473e-11
3.162500e+00 9.492563e-12
3.175000e+00 6.976459e-12
3.187500e+00 5.139675e-12
3.200000e+00 3.866581e-12
3.212500e+00 2.907950e-12
3.225000e+00 2.138778e-12
3.237500e+00 1.575660e-12
3.250000e+00 1.160076e-12
3.262500e+00 8.531236e-13
3.275000e+00 6.313854e-13
3.287500e+00 4.633101e-13
3.300000e+00 3.422918e-13
3.312500e+00 2.506391e-13
3.325000e+00 1.847723e-13
3.337500e+00 1.360949e-13
3.350000e+00 1.001594e-13
3.362500e+00 7.363078e-14
3.375000e+00 5.401885e-14
3.387500e+00 3.944415e-14
3.400000e+00 2.961749e-14
3.412500e+00 2.223055e-14
3.425000e+00 1.637407e-14
3.437500e+00 1.195434e-14
3.450000e+00 8.818545e-15
3.462500e+00 6.412416e-15
3.475000e+00 4.731920e-15
3.487500e+00 3.471610e-15
3.500000e+00 2.545068e-15
3.512500e+00 1.862271e-15
3.525000e+00 1.354362e-15
3.537500e+00 9.998920e-16
3.550000e+00 7.354366e-16
3.562500e+00 5.377797e-16
3.575000e+00 3.994783e-16
3.587500e+00 2.934680e-16
3.600000e+00 2.201744e-16
3.612500e+00 1.734173e-16
3.625000e+00 1.227025e-16
3.637500e+00 8.798380e-17
3.650000e+00 5.411931e-17
3.662500e+00 5.467037e-17
3.675000e+00 3.466298e-17
3.687500e+00 3.374156e-17
3.700000e+00 1.599830e-17
3.712500e+00 1.555391e-17
3.725000e+00 1.510951e-17
3.737500e+00 1.466495e-17
3.750000e+00 7.532620e-25
3.762500e+00 2.741543e-36
3.775000e+00 9.978015e-48
3.787500e+00 3.631560e-59
3.800000e+00 1.321729e-70
3.812500e+00 4.810512e-82
3.825000e+00 1.750815e-93
3.837500e+00 6.372200e-105
3.850000e+00 2.319201e-116
3.862500e+00 8.440876e-128
3.875000e+00 3.072109e-139
3.887500e+00 1.118113e-150
3.900000e+00 4.069440e-162
3.912500e+00 1.481098e-173
3.925000e+00 5.390546e-185
3.937500e+00 1.961922e-196
3.950000e+00 7.140537e-208
3.962500e+00 2.598842e-219
3.975000e+00 9.458646e-231
3.987500e+00 3.442532e-242
