2.500000e-01 0.000000e+00
2.625000e-01 0.000000e+00
2.750000e-01 0.000000e+00
2.875000e-01 0.000000e+00
3.000000e-01 0.000000e+00
3.125000e-01 0.000000e+00
3.250000e-01 0.000000e+00
3.375000e-01 0.000000e+00
3.500000e-01 0.000000e+00
3.625000e-01 0.000000e+00
3.750000e-01 0.000000e+00
3.875000e-01 0.000000e+00
4.000000e-01 0.000000e+00
4.125000e-01 0.000000e+00
4.250000e-01 0.000000e+00
4.375000e-01 0.000000e+00
4.500000e-01 0.000000e+00
4.625000e-01 0.000000e+00
4.750000e-01 0.000000e+00
4.875000e-01 0.000000e+00
5.000000e-01 0.000000e+00
5.125000e-01 0.000000e+00
5.250000e-01 0.000000e+00
5.375000e-01 0.000000e+00
5.500000e-01 0.000000e+00
5.625000e-01 0.000000e+00
5.750000e-01 0.000000e+00
5.875000e-01 0.000000e+00
6.000000e-01 0.000000e+00
6.125000e-01 0.000000e+00
6.250000e-01 -2.106696e-320
6.375000e-01 -5.788954e-309
6.500000e-01 -1.590564e-297
6.625000e-01 -4.370207e-286
6.750000e-01 -1.200751e-274
6.875000e-01 -3.299164e-263
7.000000e-01 -9.064730e-252
7.125000e-01 -2.490611e-240
7.250000e-01 -6.843161e-229
7.375000e-01 -1.880216e-217
7.500000e-01 -5.166051e-206
7.625000e-01 -1.419416e-194
7.750000e-01 -3.899964e-183
7.875000e-01 -1.071548e-171
8.000000e-01 -2.944167e-160
8.125000e-01 -8.089346e-149
8.250000e-01 -2.222616e-137
8.375000e-01 -6.106823e-126
8.500000e-01 -1.677901e-114
8.625000e-01 -4.610173e-103
8.750000e-01 -1.266684e-91
8.875000e-01 -3.480320e-80
9.000000e-01 -9.562470e-69
9.125000e-01 -2.627369e-57
9.250000e-01 -7.218916e-46
9.375000e-01 -1.983458e-34
9.500000e-01 -5.449716e-23
9.625000e-01 2.828160e-16
9.750000e-01 1.268139e-15
9.875000e-01 5.157633e-15
1.000000e+00 2.096408e-14
1.012500e+00 8.055857e-14
1.025000e+00 2.937185e-13
1.037500e+00 1.026404e-12
1.050000e+00 3.437460e-12
1.062500e+00 1.105479e-11
1.075000e+00 3.412700e-11
1.087500e+00 1.013319e-10
1.100000e+00 2.897364e-10
1.112500e+00 7.986507e-10
1.125000e+00 2.124622e-09
1.137500e+00 5.465098e-09
1.150000e+00 1.358397e-08
1.162500e+00 3.268620e-08
1.175000e+00 7.620791e-08
1.187500e+00 1.724183e-07
1.200000e+00 3.796190e-07
1.212500e+00 8.122729e-07
1.225000e+00 1.683989e-06
1.237500e+00 3.402253e-06
1.250000e+00 6.689744e-06
1.262500e+00 1.282158e-05
1.275000e+00 2.399255e-05
1.287500e+00 4.378956e-05
1.300000e+00 7.814338e-05
1.312500e+00 1.361987e-04
1.325000e+00 2.324191e-04
1.337500e+00 3.878786e-04
1.350000e+00 6.345916e-04
1.362500e+00 1.017539e-03
1.375000e+00 1.598456e-03
1.387500e+00 2.465172e-03
1.400000e+00 3.744223e-03
1.412500e+00 5.586675e-03
1.425000e+00 8.166314e-03
1.437500e+00 1.174279e-02
1.450000e+00 1.659822e-02
1.462500e+00 2.311453e-02
1.475000e+00 3.169983e-02
1.487500e+00 4.283319e-02
1.500000e+00 5.704992e-02
1.512500e+00 7.486193e-02
1.525000e+00 9.700986e-02
1.537500e+00 1.240774e-01
1.550000e+00 1.565493e-01
1.562500e+00 1.953062e-01
1.575000e+00 2.405377e-01
1.587500e+00 2.927212e-01
1.600000e+00 3.537436e-01
1.612500e+00 4.229573e-01
1.625000e+00 4.984384e-01
1.637500e+00 5.818387e-01
1.650000e+00 6.727162e-01
1.662500e+00 7.697739e-01
1.675000e+00 8.729374e-01
1.687500e+00 9.813568e-01
1.700000e+00 1.094023e+00
1.712500e+00 1.209787e+00
1.725000e+00 1.325983e+00
1.737500e+00 1.442389e+00
1.750000e+00 1.557585e+00
1.762500e+00 1.668382e+00
1.775000e+00 1.774664e+00
1.787500e+00 1.873669e+00
1.800000e+00 1.979204e+00
1.812500e+00 2.078135e+00
1.825000e+00 2.150929e+00
1.837500e+00 2.215228e+00
1.850000e+00 2.268644e+00
1.862500e+00 2.310244e+00
1.875000e+00 2.336956e+00
1.887500e+00 2.351225e+00
1.900000e+00 2.353061e+00
1.912500e+00 2.342654e+00
1.925000e+00 2.320361e+00
1.937500e+00 2.283795e+00
1.950000e+00 2.239410e+00
1.962500e+00 2.182345e+00
1.975000e+00 2.118761e+00
1.987500e+00 2.044583e+00
2.000000e+00 1.982721e+00
2.012500e+00 1.913980e+00
2.025000e+00 1.821301e+00
2.037500e+00 1.727250e+00
2.050000e+00 1.630811e+00
2.062500e+00 1.532661e+00
2.075000e+00 1.433903e+00
2.087500e+00 1.335481e+00
2.100000e+00 1.240160e+00
2.112500e+00 1.146602e+00
2.125000e+00 1.055502e+00
2.137500e+00 9.690079e-01
2.150000e+00 8.844101e-01
2.162500e+00 8.064758e-01
2.175000e+00 7.310597e-01
2.187500e+00 6.603633e-01
2.200000e+00 5.997772e-01
2.212500e+00 5.425714e-01
2.225000e+00 4.853276e-01
2.237500e+00 4.329079e-01
2.250000e+00 3.854364e-01
2.262500e+00 3.419045e-01
2.275000e+00 3.021968e-01
2.287500e+00 2.661519e-01
2.300000e+00 2.340197e-01
2.312500e+00 2.050658e-01
2.325000e+00 1.794301e-01
2.337500e+00 1.561899e-01
2.350000e+00 1.357792e-01
2.362500e+00 1.176667e-01
2.375000e+00 1.016456e-01
2.387500e+00 8.748107e-02
2.400000e+00 7.555327e-02
2.412500e+00 6.506286e-02
2.425000e+00 5.551060e-02
2.437500e+00 4.735474e-02
2.450000e+00 4.020892e-02
2.462500e+00 3.411767e-02
2.475000e+00 2.881454e-02
2.487500e+00 2.432265e-02
2.500000e+00 2.043706e-02
2.512500e+00 1.712948e-02
2.525000e+00 1.435245e-02
2.537500e+00 1.197192e-02
2.550000e+00 9.962879e-03
2.562500e+00 8.254436e-03
2.575000e+00 6.837544e-03
2.587500e+00 5.647275e-03
2.600000e+00 4.677901e-03
2.612500e+00 3.867677e-03
2.625000e+00 3.166884e-03
2.637500e+00 2.584184e-03
2.650000e+00 2.109532e-03
2.662500e+00 1.714613e-03
2.675000e+00 1.390877e-03
2.687500e+00 1.126078e-03
2.700000e+00 9.099574e-04
2.712500e+00 7.321222e-04
2.725000e+00 5.894044e-04
2.737500e+00 4.724399e-04
2.750000e+00 3.779827e-04
2.762500e+00 3.018768e-04
2.775000e+00 2.406070e-04
2.787500e+00 1.911166e-04
2.800000e+00 1.536289e-04
2.812500e+00 1.233067e-04
2.825000e+00 9.747911e-05
2.837500e+00 7.705852e-05
2.850000e+00 6.064706e-05
2.862500e+00 4.779026e-05
2.875000e+00 3.759829e-05
2.887500e+00 2.943740e-05
2.900000e+00 2.308355e-05
2.912500e+00 1.807229e-05
2.925000e+00 1.407761e-05
2.937500e+00 1.098560e-05
2.950000e+00 8.559007e-06
2.962500e+00 6.658358e-06
2.975000e+00 5.169849e-06
2.987500e+00 3.998184e-06
3.000000e+00 3.148261e-06
3.012500e+00 2.475188e-06
3.025000e+00 1.915260e-06
3.037500e+00 1.476496e-06
3.050000e+00 1.141758e-06
3.062500e+00 8.776016e-07
3.075000e+00 6.765798e-07
3.087500e+00 5.208455e-07
3.100000e+00 4.003656e-07
3.112500e+00 3.072919e-07
3.125000e+00 2.354932e-07
3.137500e+00 1.811654e-07
3.150000e+00 1.384164e-07
3.162500e+00 1.062000e-07
3.175000e+00 8.085900e-08
3.187500e+00 6.167858e-08
3.200000e+00 4.801528e-08
3.212500e+00 3.734781e-08
3.225000e+00 2.839403e-08
3.237500e+00 2.161128e-08
3.250000e+00 1.642963e-08
3.262500e+00 1.246925e-08
3.275000e+00 9.518920e-09
3.287500e+00 7.201926e-09
3.300000e+00 5.482846e-09
3.312500e+00 4.134118e-09
3.325000e+00 3.137916e-09
3.337500e+00 2.378292e-09
3.350000e+00 1.799770e-09
3.362500e+00 1.359943e-09
3.375000e+00 1.025363e-09
3.387500e+00 7.689416e-10
3.400000e+00 5.929534e-10
3.412500e+00 4.563991e-10
3.425000e+00 3.450776e-10
3.437500e+00 2.581965e-10
3.450000e+00 1.952058e-10
3.462500e+00 1.454854e-10
3.475000e+00 1.095957e-10
3.487500e+00 8.241968e-11
3.500000e+00 6.186956e-11
3.512500e+00 4.635217e-11
3.525000e+00 3.465288e-11
3.537500e+00 2.584640e-11
3.550000e+00 1.956613e-11
3.562500e+00 1.453183e-11
3.575000e+00 1.096177e-11
3.587500e+00 8.229487e-12
3.600000e+00 6.280943e-12
3.612500e+00 4.788703e-12
3.625000e+00 3.580301e-12
3.637500e+00 2.681042e-12
3.650000e+00 2.004562e-12
3.662500e+00 1.532669e-12
3.675000e+00 1.141983e-12
3.687500e+00 8.716396e-13
3.700000e+00 6.469407e-13
3.712500e+00 4.927938e-13
3.725000e+00 3.751052e-13
3.737500e+00 2.853087e-13
3.750000e+00 2.168512e-13
3.762500e+00 1.646833e-13
3.775000e+00 1.290899e-13
3.787500e+00 9.762214e-14
3.800000e+00 7.681650e-14
3.812500e+00 6.024480e-14
3.825000e+00 4.726505e-14
3.837500e+00 3.708446e-14
3.850000e+00 2.909376e-14
3.862500e+00 2.283710e-14
3.875000e+00 1.851921e-14
3.887500e+00 1.454464e-14
3.900000e+00 1.178916e-14
3.912500e+00 9.550458e-15
3.925000e+00 7.725188e-15
3.937500e+00 6.253261e-15
3.950000e+00 5.057425e-15
3.962500e+00 4.190809e-15
3.975000e+00 3.472749e-15
3.987500e+00 2.809496e-15
