2.500000e-01 0.000000e+00
2.625000e-01 1.420400e-70
2.750000e-01 3.902669e-59
2.875000e-01 1.072291e-47
3.000000e-01 2.946209e-36
3.125000e-01 8.094957e-25
3.250000e-01 2.199029e-16
3.375000e-01 1.898236e-15
3.500000e-01 1.648693e-14
3.625000e-01 1.219817e-13
3.750000e-01 8.176061e-13
3.875000e-01 4.984261e-12
4.000000e-01 2.743336e-11
4.125000e-01 1.384954e-10
4.250000e-01 6.514620e-10
4.375000e-01 2.826236e-09
4.500000e-01 1.136233e-08
4.625000e-01 4.248398e-08
4.750000e-01 1.481910e-07
4.875000e-01 4.836869e-07
5.000000e-01 1.481486e-06
5.125000e-01 4.269816e-06
5.250000e-01 1.161002e-05
5.375000e-01 2.985747e-05
5.500000e-01 7.279578e-05
5.625000e-01 1.687756e-04
5.750000e-01 3.726567e-04
5.875000e-01 7.848858e-04
6.000000e-01 1.577043e-03
6.125000e-01 3.037806e-03
6.250000e-01 5.638877e-03
6.375000e-01 1.005232e-02
6.500000e-01 1.727205e-02
6.625000e-01 2.863060e-02
6.750000e-01 4.589155e-02
6.875000e-01 7.113150e-02
7.000000e-01 1.070107e-01
7.125000e-01 1.561238e-01
7.250000e-01 2.215270e-01
7.375000e-01 3.061040e-01
7.500000e-01 4.118093e-01
7.625000e-01 5.412632e-01
7.750000e-01 6.947957e-01
7.875000e-01 8.725742e-01
8.000000e-01 1.074109e+00
8.125000e-01 1.296648e+00
8.250000e-01 1.532478e+00
8.375000e-01 1.781042e+00
8.500000e-01 2.033639e+00
8.625000e-01 2.284791e+00
8.750000e-01 2.525705e+00
8.875000e-01 2.753177e+00
9.000000e-01 2.956675e+00
9.125000e-01 3.129880e+00
9.250000e-01 3.272588e+00
9.375000e-01 3.378744e+00
9.500000e-01 3.443131e+00
9.625000e-01 3.467242e+00
9.750000e-01 3.453828e+00
9.875000e-01 3.397724e+00
1.000000e+00 3.316774e+00
1.012500e+00 3.203000e+00
1.025000e+00 3.050488e+00
1.037500e+00 2.876396e+00
1.050000e+00 2.684923e+00
1.062500e+00 2.483273e+00
1.075000e+00 2.272550e+00
1.087500e+00 2.059821e+00
1.100000e+00 1.849497e+00
1.112500e+00 1.645387e+00
1.125000e+00 1.450623e+00
1.137500e+00 1.268698e+00
1.150000e+00 1.099108e+00
1.162500e+00 9.441767e-01
1.175000e+00 8.043594e-01
1.187500e+00 6.800835e-01
1.200000e+00 5.719571e-01
1.212500e+00 4.773869e-01
1.225000e+00 3.940956e-01
1.237500e+00 3.234022e-01
1.250000e+00 2.633092e-01
1.262500e+00 2.129125e-01
1.275000e+00 1.711677e-01
1.287500e+00 1.366009e-01
1.300000e+00 1.084283e-01
1.312500e+00 8.546859e-02
1.325000e+00 6.703425e-02
1.337500e+00 5.223009e-02
1.350000e+00 4.050739e-02
1.362500e+00 3.124890e-02
1.375000e+00 2.395911e-02
1.387500e+00 1.828814e-02
1.400000e+00 1.393680e-02
1.412500e+00 1.057126e-02
1.425000e+00 7.957391e-03
1.437500e+00 5.966197e-03
1.450000e+00 4.450707e-03
1.462500e+00 3.309847e-03
1.475000e+00 2.451902e-03
1.487500e+00 1.809575e-03
1.500000e+00 1.330726e-03
1.512500e+00 9.742827e-04
1.525000e+00 7.116235e-04
1.537500e+00 5.181175e-04
1.550000e+00 3.757091e-04
1.562500e+00 2.719084e-04
1.575000e+00 1.960250e-04
1.587500e+00 1.408637e-04
1.600000e+00 1.013820e-04
1.612500e+00 7.278242e-05
1.625000e+00 5.191401e-05
1.637500e+00 3.696276e-05
1.650000e+00 2.626181e-05
1.662500e+00 1.860074e-05
1.675000e+00 1.314821e-05
1.687500e+00 9.276266e-06
1.700000e+00 6.532637e-06
1.712500e+00 4.592514e-06
1.725000e+00 3.219863e-06
1.737500e+00 2.253905e-06
1.750000e+00 1.575353e-06
1.762500e+00 1.098352e-06
1.775000e+00 7.646375e-07
1.787500e+00 5.311694e-07
1.800000e+00 3.711270e-07
1.812500e+00 2.590260e-07
1.825000e+00 1.791114e-07
1.837500e+00 1.238348e-07
1.850000e+00 8.554230e-08
1.862500e+00 5.903323e-08
1.875000e+00 4.065510e-08
1.887500e+00 2.797433e-08
1.900000e+00 1.923325e-08
1.912500e+00 1.321342e-08
1.925000e+00 9.071286e-09
1.937500e+00 6.215580e-09
1.950000e+00 4.261519e-09
1.962500e+00 2.916413e-09
1.975000e+00 1.996999e-09
1.987500e+00 1.365018e-09
2.000000e+00 9.417848e-10
2.012500e+00 6.495069e-10
2.025000e+00 4.435028e-10
2.037500e+00 3.031055e-10
2.050000e+00 2.071208e-10
2.062500e+00 1.414843e-10
2.075000e+00 9.662321e-11
2.087500e+00 6.597064e-11
2.100000e+00 4.510157e-11
2.112500e+00 3.082992e-11
2.125000e+00 2.107202e-11
2.137500e+00 1.442402e-11
2.150000e+00 9.857275e-12
2.162500e+00 6.758610e-12
2.175000e+00 4.625756e-12
2.187500e+00 3.167883e-12
2.200000e+00 2.190635e-12
2.212500e+00 1.514920e-12
2.225000e+00 1.040078e-12
2.237500e+00 7.149029e-13
2.250000e+00 4.926174e-13
2.262500e+00 3.392881e-13
2.275000e+00 2.338780e-13
2.287500e+00 1.612496e-13
2.300000e+00 1.115176e-13
2.312500e+00 7.704167e-14
2.325000e+00 5.328789e-14
2.337500e+00 3.694887e-14
2.350000e+00 2.574360e-14
2.362500e+00 1.779980e-14
2.375000e+00 1.233440e-14
2.387500e+00 8.667166e-15
2.400000e+00 6.076098e-15
2.412500e+00 4.272840e-15
2.425000e+00 2.858688e-15
2.437500e+00 1.987508e-15
2.450000e+00 1.419646e-15
2.462500e+00 1.107238e-15
2.475000e+00 6.458595e-16
2.487500e+00 4.280351e-16
2.500000e+00 4.260138e-16
2.512500e+00 2.104800e-16
2.525000e+00 2.091590e-16
2.537500e+00 2.073688e-16
2.550000e+00 7.648380e-25
2.562500e+00 2.783675e-36
2.575000e+00 1.013136e-47
2.587500e+00 3.687369e-59
2.600000e+00 1.342041e-70
2.612500e+00 4.884439e-82
2.625000e+00 1.777722e-93
2.637500e+00 6.470127e-105
2.650000e+00 2.354842e-116
2.662500e+00 8.570594e-128
2.675000e+00 3.119320e-139
2.687500e+00 1.135296e-150
2.700000e+00 4.131979e-162
2.712500e+00 1.503859e-173
2.725000e+00 5.473387e-185
2.737500e+00 1.992073e-196
2.750000e+00 7.250271e-208
2.762500e+00 2.638781e-219
2.775000e+00 9.604004e-231
2.787500e+00 3.495436e-242
2.800000e+00 1.272186e-253
2.812500e+00 4.630197e-265
2.825000e+00 1.685189e-276
2.837500e+00 6.133348e-288
2.850000e+00 2.232270e-299
2.862500e+00 8.124482e-311
2.875000e+00 2.964394e-322
2.887500e+00 0.000000e+00
2.900000e+00 0.000000e+00
2.912500e+00 0.000000e+00
2.925000e+00 0.000000e+00
2.937500e+00 0.000000e+00
2.950000e+00 0.000000e+00
2.962500e+00 0.000000e+00
2.975000e+00 0.000000e+00
2.987500e+00 0.000000e+00
3.000000e+00 0.000000e+00
3.012500e+00 0.000000e+00
3.025000e+00 0.000000e+00
3.037500e+00 0.000000e+00
3.050000e+00 0.000000e+00
3.062500e+00 0.000000e+00
3.075000e+00 0.000000e+00
3.087500e+00 0.000000e+00
3.100000e+00 0.000000e+00
3.112500e+00 0.000000e+00
3.125000e+00 0.000000e+00
3.137500e+00 0.000000e+00
3.150000e+00 0.000000e+00
3.162500e+00 0.000000e+00
3.175000e+00 0.000000e+00
3.187500e+00 0.000000e+00
3.200000e+00 0.000000e+00
3.212500e+00 0.000000e+00
3.225000e+00 0.000000e+00
3.237500e+00 0.000000e+00
3.250000e+00 0.000000e+00
3.262500e+00 0.000000e+00
3.275000e+00 0.000000e+00
3.287500e+00 0.000000e+00
3.300000e+00 0.000000e+00
3.312500e+00 0.000000e+00
3.325000e+00 0.000000e+00
3.337500e+00 0.000000e+00
3.350000e+00 0.000000e+00
3.362500e+00 0.000000e+00
3.375000e+00 0.000000e+00
3.387500e+00 0.000000e+00
3.400000e+00 0.000000e+00
3.412500e+00 0.000000e+00
3.425000e+00 0.000000e+00
3.437500e+00 0.000000e+00
3.450000e+00 0.000000e+00
3.462500e+00 0.000000e+00
3.475000e+00 0.000000e+00
3.487500e+00 0.000000e+00
3.500000e+00 0.000000e+00
3.512500e+00 0.000000e+00
3.525000e+00 0.000000e+00
3.537500e+00 0.000000e+00
3.550000e+00 0.000000e+00
3.562500e+00 0.000000e+00
3.575000e+00 0.000000e+00
3.587500e+00 0.000000e+00
3.600000e+00 0.000000e+00
3.612500e+00 0.000000e+00
3.625000e+00 0.000000e+00
3.637500e+00 0.000000e+00
3.650000e+00 0.000000e+00
3.662500e+00 0.000000e+00
3.675000e+00 0.000000e+00
3.687500e+00 0.000000e+00
3.700000e+00 0.000000e+00
3.712500e+00 0.000000e+00
3.725000e+00 0.000000e+00
3.737500e+00 0.000000e+00
3.750000e+00 0.000000e+00
3.762500e+00 0.000000e+00
3.775000e+00 0.000000e+00
3.787500e+00 0.000000e+00
3.800000e+00 0.000000e+00
3.812500e+00 0.000000e+00
3.825000e+00 0.000000e+00
3.837500e+00 0.000000e+00
3.850000e+00 0.000000e+00
3.862500e+00 0.000000e+00
3.875000e+00 0.000000e+00
3.887500e+00 0.000000e+00
3.900000e+00 0.000000e+00
3.912500e+00 0.000000e+00
3.925000e+00 0.000000e+00
3.937500e+00 0.000000e+00
3.950000e+00 0.000000e+00
3.962500e+00 0.000000e+00
3.975000e+00 0.000000e+00
3.987500e+00 0.000000e+00
