0.000000e+00 0.000000e+00
1.333334e-02 0.000000e+00
2.666669e-02 0.000000e+00
4.000003e-02 0.000000e+00
5.333338e-02 0.000000e+00
6.666672e-02 0.000000e+00
8.000007e-02 0.000000e+00
9.333341e-02 0.000000e+00
1.066668e-01 0.000000e+00
1.200001e-01 0.000000e+00
1.333334e-01 0.000000e+00
1.466668e-01 0.000000e+00
1.600001e-01 0.000000e+00
1.733335e-01 0.000000e+00
1.866668e-01 0.000000e+00
2.000002e-01 0.000000e+00
2.133335e-01 0.000000e+00
2.266669e-01 0.000000e+00
2.400002e-01 4.841843e-322
2.533335e-01 1.327246e-310
2.666669e-01 3.646720e-299
2.800002e-01 1.001967e-287
2.933336e-01 2.752988e-276
3.066669e-01 7.564065e-265
3.200003e-01 2.078290e-253
3.333336e-01 5.710277e-242
3.466670e-01 1.568946e-230
3.600003e-01 4.310812e-219
3.733336e-01 1.184432e-207
3.866670e-01 3.254325e-196
4.000003e-01 8.941531e-185
4.133337e-01 2.456761e-173
4.266670e-01 6.750156e-162
4.400004e-01 1.854662e-150
4.533337e-01 5.095839e-139
4.666671e-01 1.400125e-127
4.800004e-01 3.846959e-116
4.933337e-01 1.056984e-104
5.066671e-01 2.904153e-93
5.200004e-01 7.979404e-82
5.333338e-01 2.192408e-70
5.466671e-01 6.023825e-59
5.600005e-01 1.655096e-47
5.733338e-01 4.547516e-36
5.866672e-01 1.249468e-24
6.000005e-01 3.393272e-16
6.133338e-01 2.170949e-15
6.266672e-01 1.435162e-14
6.400005e-01 8.488845e-14
6.533339e-01 4.653105e-13
6.666672e-01 2.363765e-12
6.800006e-01 1.116886e-11
6.933339e-01 4.922904e-11
7.066673e-01 2.029402e-10
7.200006e-01 7.844893e-10
7.333339e-01 2.852407e-09
7.466673e-01 9.772388e-09
7.600006e-01 3.160944e-08
7.733340e-01 9.679896e-08
7.866673e-01 2.813203e-07
8.000007e-01 7.769747e-07
8.133340e-01 2.043297e-06
8.266674e-01 5.127484e-06
8.400007e-01 1.229985e-05
8.533340e-01 2.825233e-05
8.666674e-01 6.224196e-05
8.800007e-01 1.317247e-04
8.933341e-01 2.682059e-04
9.066674e-01 5.263295e-04
9.200008e-01 9.965667e-04
9.333341e-01 1.822480e-03
9.466675e-01 3.225357e-03
9.600008e-01 5.530894e-03
9.733341e-01 9.198262e-03
9.866675e-01 1.485304e-02
1.000001e+00 2.332202e-02
1.013334e+00 3.564772e-02
1.026668e+00 5.307980e-02
1.040001e+00 7.709953e-02
1.053334e+00 1.093533e-01
1.066668e+00 1.515964e-01
1.080001e+00 2.056022e-01
1.093334e+00 2.729506e-01
1.106668e+00 3.551329e-01
1.120001e+00 4.532216e-01
1.133334e+00 5.678033e-01
1.146668e+00 6.988575e-01
1.160001e+00 8.456881e-01
1.173334e+00 1.006865e+00
1.186668e+00 1.180242e+00
1.200001e+00 1.362981e+00
1.213334e+00 1.551661e+00
1.226668e+00 1.743065e+00
1.240001e+00 1.931693e+00
1.253334e+00 2.113787e+00
1.266668e+00 2.285938e+00
1.280001e+00 2.444242e+00
1.293334e+00 2.584058e+00
1.306668e+00 2.700975e+00
1.320001e+00 2.794522e+00
1.333334e+00 2.862885e+00
1.346668e+00 2.903709e+00
1.360001e+00 2.916544e+00
1.373334e+00 2.902978e+00
1.386668e+00 2.864042e+00
1.400001e+00 2.800114e+00
1.413335e+00 2.713408e+00
1.426668e+00 2.607776e+00
1.440001e+00 2.486104e+00
1.453335e+00 2.350374e+00
1.466668e+00 2.203890e+00
1.480001e+00 2.050905e+00
1.493335e+00 1.893516e+00
1.506668e+00 1.734687e+00
1.520001e+00 1.577124e+00
1.533335e+00 1.423190e+00
1.546668e+00 1.275517e+00
1.560001e+00 1.134984e+00
1.573335e+00 1.002847e+00
1.586668e+00 8.795645e-01
1.600001e+00 7.662352e-01
1.613335e+00 6.631044e-01
1.626668e+00 5.701477e-01
1.640001e+00 4.871279e-01
1.653335e+00 4.134125e-01
1.666668e+00 3.487334e-01
1.680001e+00 2.924385e-01
1.693335e+00 2.436893e-01
1.706668e+00 2.018143e-01
1.720001e+00 1.662158e-01
1.733335e+00 1.361623e-01
1.746668e+00 1.108979e-01
1.760001e+00 8.980894e-02
1.773335e+00 7.232621e-02
1.786668e+00 5.792908e-02
1.800002e+00 4.614969e-02
1.813335e+00 3.657237e-02
1.826668e+00 2.885065e-02
1.840002e+00 2.264436e-02
1.853335e+00 1.768483e-02
1.866668e+00 1.375283e-02
1.880002e+00 1.064383e-02
1.893335e+00 8.204155e-03
1.906668e+00 6.298668e-03
1.920002e+00 4.810386e-03
1.933335e+00 3.659680e-03
1.946668e+00 2.775846e-03
1.960002e+00 2.096285e-03
1.973335e+00 1.577417e-03
1.986668e+00 1.182832e-03
2.000002e+00 8.839043e-04
2.013335e+00 6.588427e-04
2.026668e+00 4.890802e-04
2.040002e+00 3.618817e-04
2.053335e+00 2.673836e-04
2.066668e+00 1.969629e-04
2.080002e+00 1.446540e-04
2.093335e+00 1.060262e-04
2.106668e+00 7.749212e-05
2.120002e+00 5.653483e-05
2.133335e+00 4.117608e-05
2.146668e+00 2.991115e-05
2.160002e+00 2.169536e-05
2.173335e+00 1.573213e-05
2.186668e+00 1.139433e-05
2.200002e+00 8.243637e-06
2.213335e+00 5.958493e-06
2.226669e+00 4.303182e-06
2.240002e+00 3.105545e-06
2.253335e+00 2.239900e-06
2.266669e+00 1.616924e-06
2.280002e+00 1.166884e-06
2.293335e+00 8.408135e-07
2.306669e+00 6.057928e-07
2.320002e+00 4.364738e-07
2.333335e+00 3.140687e-07
2.346669e+00 2.260336e-07
2.360002e+00 1.627264e-07
2.373335e+00 1.170228e-07
2.386669e+00 8.419518e-08
2.400002e+00 6.061223e-08
2.413335e+00 4.359640e-08
2.426669e+00 3.133109e-08
2.440002e+00 2.249842e-08
2.453335e+00 1.614346e-08
2.466669e+00 1.159403e-08
2.480002e+00 8.321410e-09
2.493335e+00 5.968753e-09
2.506669e+00 4.278832e-09
2.520002e+00 3.065634e-09
2.533335e+00 2.195325e-09
2.546669e+00 1.568539e-09
2.560002e+00 1.122138e-09
2.573335e+00 8.024536e-10
2.586669e+00 5.725559e-10
2.600002e+00 4.075913e-10
2.613336e+00 2.900163e-10
2.626669e+00 2.062705e-10
2.640002e+00 1.466420e-10
2.653336e+00 1.042108e-10
2.666669e+00 7.372599e-11
2.680002e+00 5.212920e-11
2.693336e+00 3.691819e-11
2.706669e+00 2.607705e-11
2.720002e+00 1.840892e-11
2.733336e+00 1.298879e-11
2.746669e+00 9.137620e-12
2.760002e+00 6.439338e-12
2.773336e+00 4.535243e-12
2.786669e+00 3.184016e-12
2.800002e+00 2.233635e-12
2.813336e+00 1.565600e-12
2.826669e+00 1.096436e-12
2.840002e+00 7.670643e-13
2.853336e+00 5.377849e-13
2.866669e+00 3.766489e-13
2.880002e+00 2.627923e-13
2.893336e+00 1.837110e-13
2.906669e+00 1.282696e-13
2.920002e+00 8.948557e-14
2.933336e+00 6.231232e-14
2.946669e+00 4.337211e-14
2.960002e+00 3.023756e-14
2.973336e+00 2.106616e-14
2.986669e+00 1.465587e-14
3.000003e+00 1.021520e-14
3.013336e+00 7.167745e-15
3.026669e+00 4.975456e-15
3.040003e+00 3.453095e-15
3.053336e+00 2.434414e-15
3.066669e+00 1.683324e-15
3.080003e+00 1.175528e-15
3.093336e+00 8.317018e-16
3.106669e+00 5.689268e-16
3.120003e+00 3.942357e-16
3.133336e+00 2.959264e-16
3.146669e+00 1.963393e-16
3.160003e+00 1.339334e-16
3.173336e+00 1.029007e-16
3.186669e+00 7.400407e-17
3.200003e+00 4.722710e-17
3.213336e+00 3.436615e-17
3.226669e+00 2.192687e-17
3.240003e+00 2.108353e-17
3.253336e+00 2.024019e-17
3.266669e+00 -5.291447e-23
3.280003e+00 -1.925855e-34
3.293336e+00 -7.009266e-46
3.306669e+00 -2.551065e-57
3.320003e+00 -9.284759e-69
3.333336e+00 -3.379245e-80
3.346669e+00 -1.229897e-91
3.360003e+00 -4.476286e-103
3.373336e+00 -1.629172e-114
3.386669e+00 -5.929470e-126
3.400003e+00 -2.158067e-137
3.413336e+00 -7.854418e-149
3.426670e+00 -2.858663e-160
3.440003e+00 -1.040428e-171
3.453336e+00 -3.786702e-183
3.466670e+00 -1.378193e-194
3.480003e+00 -5.016020e-206
3.493336e+00 -1.825611e-217
3.506670e+00 -6.644424e-229
3.520003e+00 -2.418279e-240
3.533336e+00 -8.801474e-252
3.546670e+00 -3.203351e-263
3.560003e+00 -1.165879e-274
3.573336e+00 -4.243289e-286
3.586670e+00 -1.544371e-297
3.600003e+00 -5.620833e-309
3.613336e+00 -2.045926e-320
3.626670e+00 0.000000e+00
3.640003e+00 0.000000e+00
3.653336e+00 0.000000e+00
3.666670e+00 0.000000e+00
3.680003e+00 0.000000e+00
3.693336e+00 0.000000e+00
3.706670e+00 0.000000e+00
3.720003e+00 0.000000e+00
3.733336e+00 0.000000e+00
3.746670e+00 0.000000e+00
3.760003e+00 0.000000e+00
3.773336e+00 0.000000e+00
3.786670e+00 0.000000e+00
3.800003e+00 0.000000e+00
3.813337e+00 0.000000e+00
3.826670e+00 0.000000e+00
3.840003e+00 0.000000e+00
3.853337e+00 0.000000e+00
3.866670e+00 0.000000e+00
3.880003e+00 0.000000e+00
3.893337e+00 0.000000e+00
3.906670e+00 0.000000e+00
3.920003e+00 0.000000e+00
3.933337e+00 0.000000e+00
3.946670e+00 0.000000e+00
3.960003e+00 0.000000e+00
3.973337e+00 0.000000e+00
3.986670e+00 0.000000e+00
4.000003e+00 0.000000e+00
