2.500000e-01 0.000000e+00
2.625000e-01 0.000000e+00
2.750000e-01 0.000000e+00
2.875000e-01 0.000000e+00
3.000000e-01 0.000000e+00
3.125000e-01 0.000000e+00
3.250000e-01 0.000000e+00
3.375000e-01 0.000000e+00
3.500000e-01 0.000000e+00
3.625000e-01 0.000000e+00
3.750000e-01 0.000000e+00
3.875000e-01 0.000000e+00
4.000000e-01 0.000000e+00
4.125000e-01 0.000000e+00
4.250000e-01 0.000000e+00
4.375000e-01 0.000000e+00
4.500000e-01 0.000000e+00
4.625000e-01 0.000000e+00
4.750000e-01 0.000000e+00
4.875000e-01 0.000000e+00
5.000000e-01 0.000000e+00
5.125000e-01 0.000000e+00
5.250000e-01 0.000000e+00
5.375000e-01 0.000000e+00
5.500000e-01 0.000000e+00
5.625000e-01 0.000000e+00
5.750000e-01 0.000000e+00
5.875000e-01 0.000000e+00
6.000000e-01 0.000000e+00
6.125000e-01 0.000000e+00
6.250000e-01 0.000000e+00
6.375000e-01 0.000000e+00
6.500000e-01 0.000000e+00
6.625000e-01 0.000000e+00
6.750000e-01 0.000000e+00
6.875000e-01 0.000000e+00
7.000000e-01 0.000000e+00
7.125000e-01 0.000000e+00
7.250000e-01 0.000000e+00
7.375000e-01 0.000000e+00
7.500000e-01 0.000000e+00
7.625000e-01 0.000000e+00
7.750000e-01 0.000000e+00
7.875000e-01 0.000000e+00
8.000000e-01 0.000000e+00
8.125000e-01 0.000000e+00
8.250000e-01 0.000000e+00
8.375000e-01 0.000000e+00
8.500000e-01 -1.373502e-321
8.625000e-01 -3.779573e-310
8.750000e-01 -1.038469e-298
8.875000e-01 -2.853282e-287
9.000000e-01 -7.839631e-276
9.125000e-01 -2.154004e-264
9.250000e-01 -5.918308e-253
9.375000e-01 -1.626105e-241
9.500000e-01 -4.467859e-230
9.625000e-01 -1.227582e-218
9.750000e-01 -3.372883e-207
9.875000e-01 -9.267280e-196
1.000000e+00 -2.546263e-184
1.012500e+00 -6.996071e-173
1.025000e+00 -1.922229e-161
1.037500e+00 -5.281485e-150
1.050000e+00 -1.451132e-138
1.062500e+00 -3.987108e-127
1.075000e+00 -1.095491e-115
1.087500e+00 -3.009954e-104
1.100000e+00 -8.270101e-93
1.112500e+00 -2.272280e-81
1.125000e+00 -6.243279e-70
1.137500e+00 -1.715393e-58
1.150000e+00 -4.713187e-47
1.162500e+00 -1.294988e-35
1.175000e+00 -3.558087e-24
1.187500e+00 2.573314e-16
1.200000e+00 7.439655e-16
1.212500e+00 2.921865e-15
1.225000e+00 1.055663e-14
1.237500e+00 3.589117e-14
1.250000e+00 1.173180e-13
1.262500e+00 3.697195e-13
1.275000e+00 1.126053e-12
1.287500e+00 3.311433e-12
1.300000e+00 9.428505e-12
1.312500e+00 2.596896e-11
1.325000e+00 6.937561e-11
1.337500e+00 1.795943e-10
1.350000e+00 4.516937e-10
1.362500e+00 1.103635e-09
1.375000e+00 2.619096e-09
1.387500e+00 6.050645e-09
1.400000e+00 1.365218e-08
1.412500e+00 3.001720e-08
1.425000e+00 6.414139e-08
1.437500e+00 1.337771e-07
1.450000e+00 2.721663e-07
1.462500e+00 5.414302e-07
1.475000e+00 1.052881e-06
1.487500e+00 2.002647e-06
1.500000e+00 3.727952e-06
1.512500e+00 6.789046e-06
1.525000e+00 1.212513e-05
1.537500e+00 2.122874e-05
1.550000e+00 3.641889e-05
1.562500e+00 6.137087e-05
1.575000e+00 1.014309e-04
1.587500e+00 1.645865e-04
1.600000e+00 2.635213e-04
1.612500e+00 4.148761e-04
1.625000e+00 6.397887e-04
1.637500e+00 9.713877e-04
1.650000e+00 1.452054e-03
1.662500e+00 2.135522e-03
1.675000e+00 3.094414e-03
1.687500e+00 4.419534e-03
1.700000e+00 6.223945e-03
1.712500e+00 8.645898e-03
1.725000e+00 1.183890e-02
1.737500e+00 1.600210e-02
1.750000e+00 2.135791e-02
1.762500e+00 2.812858e-02
1.775000e+00 3.660118e-02
1.787500e+00 4.703592e-02
1.800000e+00 6.017927e-02
1.812500e+00 7.617425e-02
1.825000e+00 9.460435e-02
1.837500e+00 1.163879e-01
1.850000e+00 1.417672e-01
1.862500e+00 1.709887e-01
1.875000e+00 2.040374e-01
1.887500e+00 2.412265e-01
1.900000e+00 2.826391e-01
1.912500e+00 3.282834e-01
1.925000e+00 3.780860e-01
1.937500e+00 4.313400e-01
1.950000e+00 4.888090e-01
1.962500e+00 5.489962e-01
1.975000e+00 6.127058e-01
1.987500e+00 6.780594e-01
2.000000e+00 7.523993e-01
2.012500e+00 8.294839e-01
2.025000e+00 8.997726e-01
2.037500e+00 9.711486e-01
2.050000e+00 1.042056e+00
2.062500e+00 1.111585e+00
2.075000e+00 1.179110e+00
2.087500e+00 1.243974e+00
2.100000e+00 1.307559e+00
2.112500e+00 1.367554e+00
2.125000e+00 1.423442e+00
2.137500e+00 1.477125e+00
2.150000e+00 1.523592e+00
2.162500e+00 1.569992e+00
2.175000e+00 1.608289e+00
2.187500e+00 1.641936e+00
2.200000e+00 1.685783e+00
2.212500e+00 1.724450e+00
2.225000e+00 1.744801e+00
2.237500e+00 1.761148e+00
2.250000e+00 1.775130e+00
2.262500e+00 1.783429e+00
2.275000e+00 1.786150e+00
2.287500e+00 1.783362e+00
2.300000e+00 1.778465e+00
2.312500e+00 1.768331e+00
2.325000e+00 1.756409e+00
2.337500e+00 1.736249e+00
2.350000e+00 1.714634e+00
2.362500e+00 1.688497e+00
2.375000e+00 1.657875e+00
2.387500e+00 1.622099e+00
2.400000e+00 1.592812e+00
2.412500e+00 1.559666e+00
2.425000e+00 1.513049e+00
2.437500e+00 1.467547e+00
2.450000e+00 1.416594e+00
2.462500e+00 1.366184e+00
2.475000e+00 1.311091e+00
2.487500e+00 1.257129e+00
2.500000e+00 1.199400e+00
2.512500e+00 1.140958e+00
2.525000e+00 1.084448e+00
2.537500e+00 1.025550e+00
2.550000e+00 9.669835e-01
2.562500e+00 9.071325e-01
2.575000e+00 8.502013e-01
2.587500e+00 7.939066e-01
2.600000e+00 7.429006e-01
2.612500e+00 6.933146e-01
2.625000e+00 6.402064e-01
2.637500e+00 5.886074e-01
2.650000e+00 5.408740e-01
2.662500e+00 4.943832e-01
2.675000e+00 4.505504e-01
2.687500e+00 4.093925e-01
2.700000e+00 3.709032e-01
2.712500e+00 3.342218e-01
2.725000e+00 3.010323e-01
2.737500e+00 2.696657e-01
2.750000e+00 2.408555e-01
2.762500e+00 2.145066e-01
2.775000e+00 1.904432e-01
2.787500e+00 1.683140e-01
2.800000e+00 1.503673e-01
2.812500e+00 1.339873e-01
2.825000e+00 1.174564e-01
2.837500e+00 1.028457e-01
2.850000e+00 8.955418e-02
2.862500e+00 7.798921e-02
2.875000e+00 6.773164e-02
2.887500e+00 5.847383e-02
2.900000e+00 5.050271e-02
2.912500e+00 4.349993e-02
2.925000e+00 3.723765e-02
2.937500e+00 3.189862e-02
2.950000e+00 2.725123e-02
2.962500e+00 2.322017e-02
2.975000e+00 1.972599e-02
2.987500e+00 1.667315e-02
3.000000e+00 1.433272e-02
3.012500e+00 1.228949e-02
3.025000e+00 1.035950e-02
3.037500e+00 8.691058e-03
3.050000e+00 7.306179e-03
3.062500e+00 6.098692e-03
3.075000e+00 5.100742e-03
3.087500e+00 4.255534e-03
3.100000e+00 3.541541e-03
3.112500e+00 2.939954e-03
3.125000e+00 2.434385e-03
3.137500e+00 2.021526e-03
3.150000e+00 1.665562e-03
3.162500e+00 1.376722e-03
3.175000e+00 1.128196e-03
3.187500e+00 9.253728e-04
3.200000e+00 7.738572e-04
3.212500e+00 6.460574e-04
3.225000e+00 5.266704e-04
3.237500e+00 4.294443e-04
3.250000e+00 3.494456e-04
3.262500e+00 2.836159e-04
3.275000e+00 2.313311e-04
3.287500e+00 1.868412e-04
3.300000e+00 1.517168e-04
3.312500e+00 1.219113e-04
3.325000e+00 9.853039e-05
3.337500e+00 7.945107e-05
3.350000e+00 6.391457e-05
3.362500e+00 5.129764e-05
3.375000e+00 4.104881e-05
3.387500e+00 3.264531e-05
3.400000e+00 2.667405e-05
3.412500e+00 2.173936e-05
3.425000e+00 1.739002e-05
3.437500e+00 1.375584e-05
3.450000e+00 1.098649e-05
3.462500e+00 8.643547e-06
3.475000e+00 6.868371e-06
3.487500e+00 5.444575e-06
3.500000e+00 4.304983e-06
3.512500e+00 3.394831e-06
3.525000e+00 2.669544e-06
3.537500e+00 2.092894e-06
3.550000e+00 1.664196e-06
3.562500e+00 1.297414e-06
3.575000e+00 1.026618e-06
3.587500e+00 8.079568e-07
3.600000e+00 6.459870e-07
3.612500e+00 5.156487e-07
3.625000e+00 4.033610e-07
3.637500e+00 3.158251e-07
3.650000e+00 2.467526e-07
3.662500e+00 1.970276e-07
3.675000e+00 1.532172e-07
3.687500e+00 1.219830e-07
3.700000e+00 9.437796e-08
3.712500e+00 7.489878e-08
3.725000e+00 5.936322e-08
3.737500e+00 4.698760e-08
3.750000e+00 3.714070e-08
3.762500e+00 2.931891e-08
3.775000e+00 2.387749e-08
3.787500e+00 1.874849e-08
3.800000e+00 1.530976e-08
3.812500e+00 1.245464e-08
3.825000e+00 1.012832e-08
3.837500e+00 8.233646e-09
3.850000e+00 6.691165e-09
3.862500e+00 5.435893e-09
3.875000e+00 4.561914e-09
3.887500e+00 3.703850e-09
3.900000e+00 3.103305e-09
3.912500e+00 2.596885e-09
3.925000e+00 2.170543e-09
3.937500e+00 1.812177e-09
3.950000e+00 1.511403e-09
3.962500e+00 1.293151e-09
3.975000e+00 1.103776e-09
3.987500e+00 9.187088e-10
