0.000000e+00 0.000000e+00
1.333334e-02 0.000000e+00
2.666669e-02 0.000000e+00
4.000003e-02 0.000000e+00
5.333338e-02 0.000000e+00
6.666672e-02 0.000000e+00
8.000007e-02 0.000000e+00
9.333341e-02 0.000000e+00
1.066668e-01 0.000000e+00
1.200001e-01 0.000000e+00
1.333334e-01 0.000000e+00
1.466668e-01 0.000000e+00
1.600001e-01 0.000000e+00
1.733335e-01 0.000000e+00
1.866668e-01 0.000000e+00
2.000002e-01 0.000000e+00
2.133335e-01 0.000000e+00
2.266669e-01 0.000000e+00
2.400002e-01 0.000000e+00
2.533335e-01 0.000000e+00
2.666669e-01 0.000000e+00
2.800002e-01 0.000000e+00
2.933336e-01 0.000000e+00
3.066669e-01 0.000000e+00
3.200003e-01 0.000000e+00
3.333336e-01 0.000000e+00
3.466670e-01 0.000000e+00
3.600003e-01 0.000000e+00
3.733336e-01 0.000000e+00
3.866670e-01 0.000000e+00
4.000003e-01 -9.881313e-324
4.133337e-01 -2.652084e-312
4.266670e-01 -7.286822e-301
4.400004e-01 -2.002115e-289
4.533337e-01 -5.500980e-278
4.666671e-01 -1.511440e-266
4.800004e-01 -4.152809e-255
4.933337e-01 -1.141019e-243
5.066671e-01 -3.135046e-232
5.200004e-01 -8.613801e-221
5.333338e-01 -2.366714e-209
5.466671e-01 -6.502745e-198
5.600005e-01 -1.786684e-186
5.733338e-01 -4.909063e-175
5.866672e-01 -1.348806e-163
6.000005e-01 -3.705958e-152
6.133338e-01 -1.018243e-140
6.266672e-01 -2.797708e-129
6.400005e-01 -7.686938e-118
6.533339e-01 -2.112051e-106
6.666672e-01 -5.803036e-95
6.800006e-01 -1.594433e-83
6.933339e-01 -4.380838e-72
7.066673e-01 -1.203672e-60
7.200006e-01 -3.307190e-49
7.333339e-01 -9.086780e-38
7.466673e-01 -2.496669e-26
7.600006e-01 3.540053e-16
7.733340e-01 1.448017e-15
7.866673e-01 7.704728e-15
8.000007e-01 3.916154e-14
8.133340e-01 1.888418e-13
8.266674e-01 8.539601e-13
8.400007e-01 3.634212e-12
8.533340e-01 1.458298e-11
8.666674e-01 5.528704e-11
8.800007e-01 1.984271e-10
8.933341e-01 6.755015e-10
9.066674e-01 2.185946e-09
9.200008e-01 6.733988e-09
9.333341e-01 1.977563e-08
9.466675e-01 5.549001e-08
9.600008e-01 1.490072e-07
9.733341e-01 3.833857e-07
9.866675e-01 9.465307e-07
1.000001e+00 2.246318e-06
1.013334e+00 5.131358e-06
1.026668e+00 1.129406e-05
1.040001e+00 2.398959e-05
1.053334e+00 4.923630e-05
1.066668e+00 9.775834e-05
1.080001e+00 1.879865e-04
1.093334e+00 3.503710e-04
1.106668e+00 6.338428e-04
1.120001e+00 1.114116e-03
1.133334e+00 1.904653e-03
1.146668e+00 3.169957e-03
1.160001e+00 5.141106e-03
1.173334e+00 8.132326e-03
1.186668e+00 1.255788e-02
1.200001e+00 1.894641e-02
1.213334e+00 2.795193e-02
1.226668e+00 4.037266e-02
1.240001e+00 5.708909e-02
1.253334e+00 7.912443e-02
1.266668e+00 1.076099e-01
1.280001e+00 1.437129e-01
1.293334e+00 1.885239e-01
1.306668e+00 2.429849e-01
1.320001e+00 3.081618e-01
1.333334e+00 3.848087e-01
1.346668e+00 4.732222e-01
1.360001e+00 5.734541e-01
1.373334e+00 6.854665e-01
1.386668e+00 8.086742e-01
1.400001e+00 9.416862e-01
1.413335e+00 1.082948e+00
1.426668e+00 1.231085e+00
1.440001e+00 1.384064e+00
1.453335e+00 1.538901e+00
1.466668e+00 1.692917e+00
1.480001e+00 1.844194e+00
1.493335e+00 1.989229e+00
1.506668e+00 2.125311e+00
1.520001e+00 2.249878e+00
1.533335e+00 2.360611e+00
1.546668e+00 2.456682e+00
1.560001e+00 2.535328e+00
1.573335e+00 2.595254e+00
1.586668e+00 2.634275e+00
1.600001e+00 2.653221e+00
1.613335e+00 2.652113e+00
1.626668e+00 2.631391e+00
1.640001e+00 2.591889e+00
1.653335e+00 2.533477e+00
1.666668e+00 2.459018e+00
1.680001e+00 2.370284e+00
1.693335e+00 2.268022e+00
1.706668e+00 2.154463e+00
1.720001e+00 2.033050e+00
1.733335e+00 1.905966e+00
1.746668e+00 1.774344e+00
1.760001e+00 1.640386e+00
1.773335e+00 1.506156e+00
1.786668e+00 1.373529e+00
1.800002e+00 1.244165e+00
1.813335e+00 1.119480e+00
1.826668e+00 1.001255e+00
1.840002e+00 8.896767e-01
1.853335e+00 7.854220e-01
1.866668e+00 6.893824e-01
1.880002e+00 6.012545e-01
1.893335e+00 5.214433e-01
1.906668e+00 4.497246e-01
1.920002e+00 3.852215e-01
1.933335e+00 3.281797e-01
1.946668e+00 2.782934e-01
1.960002e+00 2.345828e-01
1.973335e+00 1.967122e-01
1.986668e+00 1.641140e-01
2.000002e+00 1.362284e-01
2.013335e+00 1.126124e-01
2.026668e+00 9.256190e-02
2.040002e+00 7.571412e-02
2.053335e+00 6.174707e-02
2.066668e+00 5.012495e-02
2.080002e+00 4.050533e-02
2.093335e+00 3.261633e-02
2.106668e+00 2.614891e-02
2.120002e+00 2.089430e-02
2.133335e+00 1.664251e-02
2.146668e+00 1.320149e-02
2.160002e+00 1.044081e-02
2.173335e+00 8.243299e-03
2.186668e+00 6.491175e-03
2.200002e+00 5.098687e-03
2.213335e+00 3.995499e-03
2.226669e+00 3.124057e-03
2.240002e+00 2.437628e-03
2.253335e+00 1.898340e-03
2.266669e+00 1.477655e-03
2.280002e+00 1.148362e-03
2.293335e+00 8.899320e-04
2.306669e+00 6.887070e-04
2.320002e+00 5.323231e-04
2.333335e+00 4.104034e-04
2.346669e+00 3.160816e-04
2.360002e+00 2.432212e-04
2.373335e+00 1.867313e-04
2.386669e+00 1.432622e-04
2.400002e+00 1.098507e-04
2.413335e+00 8.406209e-05
2.426669e+00 6.420204e-05
2.440002e+00 4.894102e-05
2.453335e+00 3.723888e-05
2.466669e+00 2.833043e-05
2.480002e+00 2.151685e-05
2.493335e+00 1.631485e-05
2.506669e+00 1.235098e-05
2.520002e+00 9.335585e-06
2.533335e+00 7.045924e-06
2.546669e+00 5.300708e-06
2.560002e+00 3.989079e-06
2.573335e+00 2.997967e-06
2.586669e+00 2.245984e-06
2.600002e+00 1.677266e-06
2.613336e+00 1.250842e-06
2.626669e+00 9.316198e-07
2.640002e+00 6.929608e-07
2.653336e+00 5.148040e-07
2.666669e+00 3.804232e-07
2.680002e+00 2.807303e-07
2.693336e+00 2.073284e-07
2.706669e+00 1.525957e-07
2.720002e+00 1.121604e-07
2.733336e+00 8.233262e-08
2.746669e+00 6.021428e-08
2.760002e+00 4.408087e-08
2.773336e+00 3.222820e-08
2.786669e+00 2.347043e-08
2.800002e+00 1.706690e-08
2.813336e+00 1.239150e-08
2.826669e+00 8.982802e-09
2.840002e+00 6.501281e-09
2.853336e+00 4.711692e-09
2.866669e+00 3.409660e-09
2.880002e+00 2.455518e-09
2.893336e+00 1.771033e-09
2.906669e+00 1.275219e-09
2.920002e+00 9.165396e-10
2.933336e+00 6.575277e-10
2.946669e+00 4.707507e-10
2.960002e+00 3.377180e-10
2.973336e+00 2.418168e-10
2.986669e+00 1.727950e-10
3.000003e+00 1.237844e-10
3.013336e+00 8.894198e-11
3.026669e+00 6.347824e-11
3.040003e+00 4.520212e-11
3.053336e+00 3.247325e-11
3.066669e+00 2.329348e-11
3.080003e+00 1.657908e-11
3.093336e+00 1.184706e-11
3.106669e+00 8.505532e-12
3.120003e+00 6.097038e-12
3.133336e+00 4.363252e-12
3.146669e+00 3.116935e-12
3.160003e+00 2.222220e-12
3.173336e+00 1.593957e-12
3.186669e+00 1.141629e-12
3.200003e+00 8.161905e-13
3.213336e+00 5.879179e-13
3.226669e+00 4.229837e-13
3.240003e+00 3.038953e-13
3.253336e+00 2.180407e-13
3.266669e+00 1.562161e-13
3.280003e+00 1.129847e-13
3.293336e+00 8.164198e-14
3.306669e+00 5.822838e-14
3.320003e+00 4.198248e-14
3.333336e+00 3.062283e-14
3.346669e+00 2.202154e-14
3.360003e+00 1.582923e-14
3.373336e+00 1.151510e-14
3.386669e+00 8.257828e-15
3.400003e+00 5.904511e-15
3.413336e+00 4.293933e-15
3.426670e+00 3.109102e-15
3.440003e+00 2.252518e-15
3.453336e+00 1.635732e-15
3.466670e+00 1.182103e-15
3.480003e+00 8.521079e-16
3.493336e+00 6.174170e-16
3.506670e+00 4.452538e-16
3.520003e+00 3.199586e-16
3.533336e+00 2.382261e-16
3.546670e+00 1.769024e-16
3.560003e+00 1.239979e-16
3.573336e+00 9.327003e-17
3.586670e+00 6.378649e-17
3.600003e+00 4.654629e-17
3.613336e+00 3.844731e-17
3.626670e+00 2.153098e-17
3.640003e+00 1.986671e-17
3.653336e+00 1.292952e-17
3.666670e+00 5.599685e-18
3.680003e+00 5.818286e-18
3.693336e+00 5.602794e-18
3.706670e+00 5.387302e-18
3.720003e+00 -3.731051e-20
3.733336e+00 -1.357939e-31
3.746670e+00 -4.942302e-43
3.760003e+00 -1.798781e-54
3.773336e+00 -6.546775e-66
3.786670e+00 -2.382739e-77
3.800003e+00 -8.672124e-89
3.813337e+00 -3.156273e-100
3.826670e+00 -1.148745e-111
3.840003e+00 -4.180927e-123
3.853337e+00 -1.521674e-134
3.866670e+00 -5.538227e-146
3.880003e+00 -2.015672e-157
3.893337e+00 -7.336161e-169
3.906670e+00 -2.670041e-180
3.920003e+00 -9.717777e-192
3.933337e+00 -3.536845e-203
3.946670e+00 -1.287256e-214
3.960003e+00 -4.685048e-226
3.973337e+00 -1.705152e-237
3.986670e+00 -6.206006e-249
4.000003e+00 0.000000e+00
