2.500000e-01 0.000000e+00
2.625000e-01 0.000000e+00
2.750000e-01 0.000000e+00
2.875000e-01 -1.566842e-313
3.000000e-01 -4.305030e-302
3.125000e-01 -1.182843e-290
3.250000e-01 -3.249960e-279
3.375000e-01 -8.929538e-268
3.500000e-01 -2.453465e-256
3.625000e-01 -6.741102e-245
3.750000e-01 -1.852174e-233
3.875000e-01 -5.089004e-222
4.000000e-01 -1.398247e-210
4.125000e-01 -3.841800e-199
4.250000e-01 -1.055567e-187
4.375000e-01 -2.900258e-176
4.500000e-01 -7.968701e-165
4.625000e-01 -2.189468e-153
4.750000e-01 -6.015745e-142
4.875000e-01 -1.652876e-130
5.000000e-01 -4.541417e-119
5.125000e-01 -1.247792e-107
5.250000e-01 -3.428414e-96
5.375000e-01 -9.419855e-85
5.500000e-01 -2.588184e-73
5.625000e-01 -7.111253e-62
5.750000e-01 -1.953876e-50
5.875000e-01 -5.368439e-39
6.000000e-01 -1.475024e-27
6.125000e-01 3.184427e-16
6.250000e-01 1.017620e-15
6.375000e-01 5.696737e-15
6.500000e-01 3.066698e-14
6.625000e-01 1.547131e-13
6.750000e-01 7.285861e-13
6.875000e-01 3.217238e-12
7.000000e-01 1.337406e-11
7.125000e-01 5.233448e-11
7.250000e-01 1.934937e-10
7.375000e-01 6.773091e-10
7.500000e-01 2.245737e-09
7.625000e-01 7.082392e-09
7.750000e-01 2.125144e-08
7.875000e-01 6.081675e-08
8.000000e-01 1.663963e-07
8.125000e-01 4.357906e-07
8.250000e-01 1.091228e-06
8.375000e-01 2.625734e-06
8.500000e-01 6.069523e-06
8.625000e-01 1.350646e-05
8.750000e-01 2.895158e-05
8.875000e-01 5.994755e-05
9.000000e-01 1.198729e-04
9.125000e-01 2.317624e-04
9.250000e-01 4.344236e-04
9.375000e-01 7.897498e-04
9.500000e-01 1.392854e-03
9.625000e-01 2.387603e-03
9.750000e-01 3.984922e-03
9.875000e-01 6.469487e-03
1.000000e+00 1.027210e-02
1.012500e+00 1.591514e-02
1.025000e+00 2.400072e-02
1.037500e+00 3.539225e-02
1.050000e+00 5.105949e-02
1.062500e+00 7.217789e-02
1.075000e+00 9.989434e-02
1.087500e+00 1.355720e-01
1.100000e+00 1.805574e-01
1.112500e+00 2.361516e-01
1.125000e+00 3.035292e-01
1.137500e+00 3.839730e-01
1.150000e+00 4.775873e-01
1.162500e+00 5.849230e-01
1.175000e+00 7.057848e-01
1.187500e+00 8.399885e-01
1.200000e+00 9.885931e-01
1.212500e+00 1.148426e+00
1.225000e+00 1.312643e+00
1.237500e+00 1.484147e+00
1.250000e+00 1.657210e+00
1.262500e+00 1.829696e+00
1.275000e+00 2.000078e+00
1.287500e+00 2.161663e+00
1.300000e+00 2.314830e+00
1.312500e+00 2.452552e+00
1.325000e+00 2.576248e+00
1.337500e+00 2.679028e+00
1.350000e+00 2.763607e+00
1.362500e+00 2.826231e+00
1.375000e+00 2.863130e+00
1.387500e+00 2.878172e+00
1.400000e+00 2.879135e+00
1.412500e+00 2.857473e+00
1.425000e+00 2.805175e+00
1.437500e+00 2.734057e+00
1.450000e+00 2.642651e+00
1.462500e+00 2.537997e+00
1.475000e+00 2.420038e+00
1.487500e+00 2.291324e+00
1.500000e+00 2.154449e+00
1.512500e+00 2.010056e+00
1.525000e+00 1.864575e+00
1.537500e+00 1.718258e+00
1.550000e+00 1.571671e+00
1.562500e+00 1.429871e+00
1.575000e+00 1.291408e+00
1.587500e+00 1.158623e+00
1.600000e+00 1.037517e+00
1.612500e+00 9.235969e-01
1.625000e+00 8.140814e-01
1.637500e+00 7.138364e-01
1.650000e+00 6.224993e-01
1.662500e+00 5.393356e-01
1.675000e+00 4.647874e-01
1.687500e+00 3.984495e-01
1.700000e+00 3.398328e-01
1.712500e+00 2.883900e-01
1.725000e+00 2.432814e-01
1.737500e+00 2.042448e-01
1.750000e+00 1.706687e-01
1.762500e+00 1.418106e-01
1.775000e+00 1.172902e-01
1.787500e+00 9.650354e-02
1.800000e+00 7.961601e-02
1.812500e+00 6.541932e-02
1.825000e+00 5.309665e-02
1.837500e+00 4.296352e-02
1.850000e+00 3.463375e-02
1.862500e+00 2.781247e-02
1.875000e+00 2.222614e-02
1.887500e+00 1.769758e-02
1.900000e+00 1.404198e-02
1.912500e+00 1.110318e-02
1.925000e+00 8.750018e-03
1.937500e+00 6.864355e-03
1.950000e+00 5.374621e-03
1.962500e+00 4.189882e-03
1.975000e+00 3.260048e-03
1.987500e+00 2.525925e-03
2.000000e+00 1.970648e-03
2.012500e+00 1.533255e-03
2.025000e+00 1.178350e-03
2.037500e+00 9.043346e-04
2.050000e+00 6.923742e-04
2.062500e+00 5.287448e-04
2.075000e+00 4.028049e-04
2.087500e+00 3.061342e-04
2.100000e+00 2.324807e-04
2.112500e+00 1.761587e-04
2.125000e+00 1.331954e-04
2.137500e+00 1.006610e-04
2.150000e+00 7.579910e-05
2.162500e+00 5.715556e-05
2.175000e+00 4.293969e-05
2.187500e+00 3.221910e-05
2.200000e+00 2.436460e-05
2.212500e+00 1.839197e-05
2.225000e+00 1.376019e-05
2.237500e+00 1.028953e-05
2.250000e+00 7.697638e-06
2.262500e+00 5.750543e-06
2.275000e+00 4.290276e-06
2.287500e+00 3.196724e-06
2.300000e+00 2.383380e-06
2.312500e+00 1.774926e-06
2.325000e+00 1.322831e-06
2.337500e+00 9.830018e-07
2.350000e+00 7.311238e-07
2.362500e+00 5.432825e-07
2.375000e+00 4.032967e-07
2.387500e+00 2.989202e-07
2.400000e+00 2.228150e-07
2.412500e+00 1.659544e-07
2.425000e+00 1.227225e-07
2.437500e+00 9.093120e-08
2.450000e+00 6.720070e-08
2.462500e+00 4.973083e-08
2.475000e+00 3.670593e-08
2.487500e+00 2.713238e-08
2.500000e+00 2.000380e-08
2.512500e+00 1.474044e-08
2.525000e+00 1.087953e-08
2.537500e+00 8.009420e-09
2.550000e+00 5.893883e-09
2.562500e+00 4.326134e-09
2.575000e+00 3.180635e-09
2.587500e+00 2.335870e-09
2.600000e+00 1.723667e-09
2.612500e+00 1.271764e-09
2.625000e+00 9.309369e-10
2.637500e+00 6.802974e-10
2.650000e+00 4.981904e-10
2.662500e+00 3.638708e-10
2.675000e+00 2.656869e-10
2.687500e+00 1.939405e-10
2.700000e+00 1.415303e-10
2.712500e+00 1.030007e-10
2.725000e+00 7.512575e-11
2.737500e+00 5.464130e-11
2.750000e+00 3.973003e-11
2.762500e+00 2.888090e-11
2.775000e+00 2.098345e-11
2.787500e+00 1.521592e-11
2.800000e+00 1.118284e-11
2.812500e+00 8.217766e-12
2.825000e+00 5.956578e-12
2.837500e+00 4.323411e-12
2.850000e+00 3.128660e-12
2.862500e+00 2.269769e-12
2.875000e+00 1.646446e-12
2.887500e+00 1.190018e-12
2.900000e+00 8.625704e-13
2.912500e+00 6.250596e-13
2.925000e+00 4.512126e-13
2.937500e+00 3.267929e-13
2.950000e+00 2.365040e-13
2.962500e+00 1.711853e-13
2.975000e+00 1.238041e-13
2.987500e+00 8.925856e-14
3.000000e+00 6.565981e-14
3.012500e+00 4.822095e-14
3.025000e+00 3.492909e-14
3.037500e+00 2.521242e-14
3.050000e+00 1.828469e-14
3.062500e+00 1.322994e-14
3.075000e+00 9.524975e-15
3.087500e+00 6.895716e-15
3.100000e+00 5.009726e-15
3.112500e+00 3.616308e-15
3.125000e+00 2.627129e-15
3.137500e+00 1.908331e-15
3.150000e+00 1.374979e-15
3.162500e+00 9.955675e-16
3.175000e+00 7.352198e-16
3.187500e+00 5.012823e-16
3.200000e+00 3.880312e-16
3.212500e+00 2.782956e-16
3.225000e+00 2.015251e-16
3.237500e+00 1.299295e-16
3.250000e+00 1.255417e-16
3.262500e+00 6.057512e-17
3.275000e+00 5.881919e-17
3.287500e+00 5.662447e-17
3.300000e+00 5.486105e-17
3.312500e+00 2.023439e-25
3.325000e+00 7.364429e-37
3.337500e+00 2.680329e-48
3.350000e+00 9.755223e-60
3.362500e+00 3.550473e-71
3.375000e+00 1.292217e-82
3.387500e+00 4.703101e-94
3.400000e+00 1.711723e-105
3.412500e+00 6.229919e-117
3.425000e+00 2.267417e-128
3.437500e+00 8.252405e-140
3.450000e+00 3.003513e-151
3.462500e+00 1.093147e-162
3.475000e+00 3.978576e-174
3.487500e+00 1.448027e-185
3.500000e+00 5.270184e-197
3.512500e+00 1.918116e-208
3.525000e+00 6.981100e-220
3.537500e+00 2.540814e-231
3.550000e+00 9.247450e-243
3.562500e+00 3.365666e-254
3.575000e+00 1.224955e-265
3.587500e+00 4.458298e-277
3.600000e+00 1.622625e-288
3.612500e+00 5.905643e-300
3.625000e+00 2.149395e-311
3.637500e+00 7.905050e-323
3.650000e+00 0.000000e+00
3.662500e+00 0.000000e+00
3.675000e+00 0.000000e+00
3.687500e+00 0.000000e+00
3.700000e+00 0.000000e+00
3.712500e+00 0.000000e+00
3.725000e+00 0.000000e+00
3.737500e+00 0.000000e+00
3.750000e+00 0.000000e+00
3.762500e+00 0.000000e+00
3.775000e+00 0.000000e+00
3.787500e+00 0.000000e+00
3.800000e+00 0.000000e+00
3.812500e+00 0.000000e+00
3.825000e+00 0.000000e+00
3.837500e+00 0.000000e+00
3.850000e+00 0.000000e+00
3.862500e+00 0.000000e+00
3.875000e+00 0.000000e+00
3.887500e+00 0.000000e+00
3.900000e+00 0.000000e+00
3.912500e+00 0.000000e+00
3.925000e+00 0.000000e+00
3.937500e+00 0.000000e+00
3.950000e+00 0.000000e+00
3.962500e+00 0.000000e+00
3.975000e+00 0.000000e+00
3.987500e+00 0.000000e+00
