0.000000e+00 0.000000e+00
1.333334e-02 0.000000e+00
2.666669e-02 0.000000e+00
4.000003e-02 0.000000e+00
5.333338e-02 0.000000e+00
6.666672e-02 0.000000e+00
8.000007e-02 0.000000e+00
9.333341e-02 0.000000e+00
1.066668e-01 0.000000e+00
1.200001e-01 0.000000e+00
1.333334e-01 0.000000e+00
1.466668e-01 0.000000e+00
1.600001e-01 0.000000e+00
1.733335e-01 0.000000e+00
1.866668e-01 0.000000e+00
2.000002e-01 0.000000e+00
2.133335e-01 0.000000e+00
2.266669e-01 0.000000e+00
2.400002e-01 0.000000e+00
2.533335e-01 0.000000e+00
2.666669e-01 0.000000e+00
2.800002e-01 0.000000e+00
2.933336e-01 0.000000e+00
3.066669e-01 0.000000e+00
3.200003e-01 0.000000e+00
3.333336e-01 0.000000e+00
3.466670e-01 0.000000e+00
3.600003e-01 0.000000e+00
3.733336e-01 0.000000e+00
3.866670e-01 0.000000e+00
4.000003e-01 0.000000e+00
4.133337e-01 0.000000e+00
4.266670e-01 0.000000e+00
4.400004e-01 0.000000e+00
4.533337e-01 0.000000e+00
4.666671e-01 0.000000e+00
4.800004e-01 0.000000e+00
4.933337e-01 0.000000e+00
5.066671e-01 0.000000e+00
5.200004e-01 0.000000e+00
5.333338e-01 0.000000e+00
5.466671e-01 0.000000e+00
5.600005e-01 0.000000e+00
5.733338e-01 0.000000e+00
5.866672e-01 0.000000e+00
6.000005e-01 4.736284e-314
6.133338e-01 1.301334e-302
6.266672e-01 3.575524e-291
6.400005e-01 9.824051e-280
6.533339e-01 2.699240e-268
6.666672e-01 7.416389e-257
6.800006e-01 2.037715e-245
6.933339e-01 5.598793e-234
7.066673e-01 1.538315e-222
7.200006e-01 4.226650e-211
7.333339e-01 1.161308e-199
7.466673e-01 3.190790e-188
7.600006e-01 8.766963e-177
7.733340e-01 2.408797e-165
7.866673e-01 6.618370e-154
8.000007e-01 1.818453e-142
8.133340e-01 4.996351e-131
8.266674e-01 1.372789e-119
8.400007e-01 3.771854e-108
8.533340e-01 1.036349e-96
8.666674e-01 2.847454e-85
8.800007e-01 7.823620e-74
8.933341e-01 2.149605e-62
9.066674e-01 5.906220e-51
9.200008e-01 1.622783e-39
9.333341e-01 4.458734e-28
9.466675e-01 1.633433e-16
9.600008e-01 8.137574e-16
9.733341e-01 3.683581e-15
9.866675e-01 1.692569e-14
1.000001e+00 7.266979e-14
1.013334e+00 2.928220e-13
1.026668e+00 1.119593e-12
1.040001e+00 4.078134e-12
1.053334e+00 1.416383e-11
1.066668e+00 4.698090e-11
1.080001e+00 1.490501e-10
1.093334e+00 4.527595e-10
1.106668e+00 1.319130e-09
1.120001e+00 3.691104e-09
1.133334e+00 9.932120e-09
1.146668e+00 2.573188e-08
1.160001e+00 6.426504e-08
1.173334e+00 1.548973e-07
1.186668e+00 3.607230e-07
1.200001e+00 8.125018e-07
1.213334e+00 1.771979e-06
1.226668e+00 3.746959e-06
1.240001e+00 7.683715e-06
1.253334e+00 1.530106e-05
1.266668e+00 2.962768e-05
1.280001e+00 5.583340e-05
1.293334e+00 1.024483e-04
1.306668e+00 1.831118e-04
1.320001e+00 3.193303e-04
1.333334e+00 5.437732e-04
1.346668e+00 9.044837e-04
1.360001e+00 1.470651e-03
1.373334e+00 2.340165e-03
1.386668e+00 3.646834e-03
1.400001e+00 5.567058e-03
1.413335e+00 8.330315e-03
1.426668e+00 1.223203e-02
1.440001e+00 1.763640e-02
1.453335e+00 2.497273e-02
1.466668e+00 3.474747e-02
1.480001e+00 4.755930e-02
1.493335e+00 6.403895e-02
1.506668e+00 8.487731e-02
1.520001e+00 1.107915e-01
1.533335e+00 1.425014e-01
1.546668e+00 1.807842e-01
1.560001e+00 2.262250e-01
1.573335e+00 2.793651e-01
1.586668e+00 3.404444e-01
1.600001e+00 4.098088e-01
1.613335e+00 4.874992e-01
1.626668e+00 5.733527e-01
1.640001e+00 6.669817e-01
1.653335e+00 7.673847e-01
1.666668e+00 8.740241e-01
1.680001e+00 9.858783e-01
1.693335e+00 1.101169e+00
1.706668e+00 1.218369e+00
1.720001e+00 1.336568e+00
1.733335e+00 1.454287e+00
1.746668e+00 1.569154e+00
1.760001e+00 1.679487e+00
1.773335e+00 1.783664e+00
1.786668e+00 1.880176e+00
1.800002e+00 1.967643e+00
1.813335e+00 2.044852e+00
1.826668e+00 2.112055e+00
1.840002e+00 2.167231e+00
1.853335e+00 2.209721e+00
1.866668e+00 2.240502e+00
1.880002e+00 2.257948e+00
1.893335e+00 2.263483e+00
1.906668e+00 2.257277e+00
1.920002e+00 2.236536e+00
1.933335e+00 2.204757e+00
1.946668e+00 2.164105e+00
1.960002e+00 2.112138e+00
1.973335e+00 2.051214e+00
1.986668e+00 1.982206e+00
2.000002e+00 1.906052e+00
2.013335e+00 1.825234e+00
2.026668e+00 1.737767e+00
2.040002e+00 1.646219e+00
2.053335e+00 1.554386e+00
2.066668e+00 1.460378e+00
2.080002e+00 1.365184e+00
2.093335e+00 1.270974e+00
2.106668e+00 1.177319e+00
2.120002e+00 1.086141e+00
2.133335e+00 9.980120e-01
2.146668e+00 9.124421e-01
2.160002e+00 8.309179e-01
2.173335e+00 7.545891e-01
2.186668e+00 6.827062e-01
2.200002e+00 6.154064e-01
2.213335e+00 5.527568e-01
2.226669e+00 4.947533e-01
2.240002e+00 4.413365e-01
2.253335e+00 3.923921e-01
2.266669e+00 3.482235e-01
2.280002e+00 3.080941e-01
2.293335e+00 2.714256e-01
2.306669e+00 2.384403e-01
2.320002e+00 2.088924e-01
2.333335e+00 1.822659e-01
2.346669e+00 1.586288e-01
2.360002e+00 1.377231e-01
2.373335e+00 1.191179e-01
2.386669e+00 1.027963e-01
2.400002e+00 8.852437e-02
2.413335e+00 7.596316e-02
2.426669e+00 6.495667e-02
2.440002e+00 5.535422e-02
2.453335e+00 4.701210e-02
2.466669e+00 3.986007e-02
2.480002e+00 3.368768e-02
2.493335e+00 2.838098e-02
2.506669e+00 2.383641e-02
2.520002e+00 1.995855e-02
2.533335e+00 1.666196e-02
2.546669e+00 1.384472e-02
2.560002e+00 1.149084e-02
2.573335e+00 9.510507e-03
2.586669e+00 7.835371e-03
2.600002e+00 6.425585e-03
2.613336e+00 5.254884e-03
2.626669e+00 4.285902e-03
2.640002e+00 3.486261e-03
2.653336e+00 2.828441e-03
2.666669e+00 2.279510e-03
2.680002e+00 1.832136e-03
2.693336e+00 1.471801e-03
2.706669e+00 1.176762e-03
2.720002e+00 9.383980e-04
2.733336e+00 7.463935e-04
2.746669e+00 5.907467e-04
2.760002e+00 4.674364e-04
2.773336e+00 3.689321e-04
2.786669e+00 2.896994e-04
2.800002e+00 2.268722e-04
2.813336e+00 1.771908e-04
2.826669e+00 1.380121e-04
2.840002e+00 1.072003e-04
2.853336e+00 8.328725e-05
2.866669e+00 6.454036e-05
2.880002e+00 4.971729e-05
2.893336e+00 3.831487e-05
2.906669e+00 2.944661e-05
2.920002e+00 2.256619e-05
2.933336e+00 1.724344e-05
2.946669e+00 1.313600e-05
2.960002e+00 1.001726e-05
2.973336e+00 7.616790e-06
2.986669e+00 5.774070e-06
3.000003e+00 4.383937e-06
3.013336e+00 3.335319e-06
3.026669e+00 2.518125e-06
3.040003e+00 1.895114e-06
3.053336e+00 1.437575e-06
3.066669e+00 1.087856e-06
3.080003e+00 8.161078e-07
3.093336e+00 6.141444e-07
3.106669e+00 4.639350e-07
3.120003e+00 3.496246e-07
3.133336e+00 2.628208e-07
3.146669e+00 1.970505e-07
3.160003e+00 1.473304e-07
3.173336e+00 1.107363e-07
3.186669e+00 8.304117e-08
3.200003e+00 6.211391e-08
3.213336e+00 4.677370e-08
3.226669e+00 3.515264e-08
3.240003e+00 2.636462e-08
3.253336e+00 1.973107e-08
3.266669e+00 1.473318e-08
3.280003e+00 1.109911e-08
3.293336e+00 8.348701e-09
3.306669e+00 6.193520e-09
3.320003e+00 4.640241e-09
3.333336e+00 3.515898e-09
3.346669e+00 2.625814e-09
3.360003e+00 1.956883e-09
3.373336e+00 1.476731e-09
3.386669e+00 1.096544e-09
3.400003e+00 8.121938e-10
3.413336e+00 6.100784e-10
3.426670e+00 4.576406e-10
3.440003e+00 3.428087e-10
3.453336e+00 2.564128e-10
3.466670e+00 1.914943e-10
3.480003e+00 1.427788e-10
3.493336e+00 1.062724e-10
3.506670e+00 7.895474e-11
3.520003e+00 5.854373e-11
3.533336e+00 4.432026e-11
3.546670e+00 3.353753e-11
3.560003e+00 2.475534e-11
3.573336e+00 1.822761e-11
3.586670e+00 1.338478e-11
3.600003e+00 1.007796e-11
3.613336e+00 7.583672e-12
3.626670e+00 5.533481e-12
3.640003e+00 4.022591e-12
3.653336e+00 3.011991e-12
3.666670e+00 2.253430e-12
3.680003e+00 1.623551e-12
3.693336e+00 1.209664e-12
3.706670e+00 9.002882e-13
3.720003e+00 6.410185e-13
3.733336e+00 4.744618e-13
3.746670e+00 3.506170e-13
3.760003e+00 2.455585e-13
3.773336e+00 1.800490e-13
3.786670e+00 1.316855e-13
3.800003e+00 9.594155e-14
3.813337e+00 6.967015e-14
3.826670e+00 4.676739e-14
3.840003e+00 3.342713e-14
3.853337e+00 2.374607e-14
3.866670e+00 1.505472e-14
3.880003e+00 9.075241e-15
3.893337e+00 6.025920e-15
3.906670e+00 3.896237e-15
3.920003e+00 1.813416e-15
3.933337e+00 9.362587e-16
3.946670e+00 7.261521e-16
3.960003e+00 5.633454e-16
3.973337e+00 4.370515e-16
3.986670e+00 3.393522e-16
4.000003e+00 0.000000e+00
