2.500000e-01 0.000000e+00
2.625000e-01 2.064357e+00
2.750000e-01 2.415736e+00
2.875000e-01 2.757409e+00
3.000000e-01 3.079235e+00
3.125000e-01 3.373147e+00
3.250000e-01 3.629414e+00
3.375000e-01 3.846873e+00
3.500000e-01 4.022029e+00
3.625000e-01 4.147543e+00
3.750000e-01 4.229399e+00
3.875000e-01 4.262582e+00
4.000000e-01 4.191194e+00
4.125000e-01 4.072322e+00
4.250000e-01 3.948155e+00
4.375000e-01 3.766940e+00
4.500000e-01 3.539068e+00
4.625000e-01 3.272987e+00
4.750000e-01 2.978118e+00
4.875000e-01 2.665315e+00
5.000000e-01 2.345772e+00
5.125000e-01 2.030156e+00
5.250000e-01 1.727841e+00
5.375000e-01 1.446361e+00
5.500000e-01 1.191110e+00
5.625000e-01 9.660196e-01
5.750000e-01 7.713300e-01
5.875000e-01 6.062929e-01
6.000000e-01 4.684136e-01
6.125000e-01 3.570082e-01
6.250000e-01 2.693862e-01
6.375000e-01 2.003238e-01
6.500000e-01 1.471560e-01
6.625000e-01 1.067613e-01
6.750000e-01 7.659014e-02
6.875000e-01 5.427685e-02
7.000000e-01 3.809927e-02
7.125000e-01 2.644284e-02
7.250000e-01 1.818162e-02
7.375000e-01 1.239028e-02
7.500000e-01 8.359726e-03
7.625000e-01 5.599107e-03
7.750000e-01 3.718605e-03
7.875000e-01 2.451432e-03
8.000000e-01 1.606033e-03
8.125000e-01 1.045443e-03
8.250000e-01 6.746775e-04
8.375000e-01 4.332985e-04
8.500000e-01 2.765417e-04
8.625000e-01 1.755761e-04
8.750000e-01 1.108425e-04
8.875000e-01 6.970612e-05
9.000000e-01 4.361317e-05
9.125000e-01 2.715566e-05
9.250000e-01 1.685698e-05
9.375000e-01 1.042679e-05
9.500000e-01 6.422992e-06
9.625000e-01 3.944423e-06
9.750000e-01 2.417112e-06
9.875000e-01 1.475461e-06
1.000000e+00 9.014563e-07
1.012500e+00 5.494816e-07
1.025000e+00 3.331532e-07
1.037500e+00 2.016871e-07
1.050000e+00 1.218938e-07
1.062500e+00 7.361249e-08
1.075000e+00 4.435677e-08
1.087500e+00 2.669454e-08
1.100000e+00 1.604730e-08
1.112500e+00 9.637384e-09
1.125000e+00 5.782983e-09
1.137500e+00 3.470546e-09
1.150000e+00 2.079824e-09
1.162500e+00 1.245827e-09
1.175000e+00 7.459416e-10
1.187500e+00 4.467449e-10
1.200000e+00 2.682068e-10
1.212500e+00 1.610170e-10
1.225000e+00 9.633246e-11
1.237500e+00 5.771591e-11
1.250000e+00 3.455916e-11
1.262500e+00 2.069937e-11
1.275000e+00 1.241366e-11
1.287500e+00 7.441241e-12
1.300000e+00 4.467190e-12
1.312500e+00 2.680897e-12
1.325000e+00 1.611253e-12
1.337500e+00 9.682927e-13
1.350000e+00 5.830395e-13
1.362500e+00 3.514344e-13
1.375000e+00 2.115529e-13
1.387500e+00 1.277653e-13
1.400000e+00 7.759805e-14
1.412500e+00 4.679058e-14
1.425000e+00 2.838808e-14
1.437500e+00 1.744813e-14
1.450000e+00 1.053041e-14
1.462500e+00 6.550798e-15
1.475000e+00 4.025088e-15
1.487500e+00 2.458941e-15
1.500000e+00 1.476214e-15
1.512500e+00 9.786105e-16
1.525000e+00 4.869595e-16
1.537500e+00 4.846228e-16
1.550000e+00 -1.802197e-20
1.562500e+00 -6.559207e-32
1.575000e+00 -2.387264e-43
1.587500e+00 -8.688593e-55
1.600000e+00 -3.162267e-66
1.612500e+00 -1.150926e-77
1.625000e+00 -4.188867e-89
1.637500e+00 -1.524564e-100
1.650000e+00 -5.548744e-112
1.662500e+00 -2.019500e-123
1.675000e+00 -7.350093e-135
1.687500e+00 -2.675111e-146
1.700000e+00 -9.736232e-158
1.712500e+00 -3.543561e-169
1.725000e+00 -1.289701e-180
1.737500e+00 -4.693946e-192
1.750000e+00 -1.708390e-203
1.762500e+00 -6.217792e-215
1.775000e+00 -2.263003e-226
1.787500e+00 -8.236340e-238
1.800000e+00 -2.997666e-249
1.812500e+00 -1.091019e-260
1.825000e+00 -3.970831e-272
1.837500e+00 -1.445208e-283
1.850000e+00 -5.259924e-295
1.862500e+00 -1.914382e-306
1.875000e+00 -6.967511e-318
1.887500e+00 0.000000e+00
1.900000e+00 0.000000e+00
1.912500e+00 0.000000e+00
1.925000e+00 0.000000e+00
1.937500e+00 0.000000e+00
1.950000e+00 0.000000e+00
1.962500e+00 0.000000e+00
1.975000e+00 0.000000e+00
1.987500e+00 0.000000e+00
2.000000e+00 0.000000e+00
2.012500e+00 0.000000e+00
2.025000e+00 0.000000e+00
2.037500e+00 0.000000e+00
2.050000e+00 0.000000e+00
2.062500e+00 0.000000e+00
2.075000e+00 0.000000e+00
2.087500e+00 0.000000e+00
2.100000e+00 0.000000e+00
2.112500e+00 0.000000e+00
2.125000e+00 0.000000e+00
2.137500e+00 0.000000e+00
2.150000e+00 0.000000e+00
2.162500e+00 0.000000e+00
2.175000e+00 0.000000e+00
2.187500e+00 0.000000e+00
2.200000e+00 0.000000e+00
2.212500e+00 0.000000e+00
2.225000e+00 0.000000e+00
2.237500e+00 0.000000e+00
2.250000e+00 0.000000e+00
2.262500e+00 0.000000e+00
2.275000e+00 0.000000e+00
2.287500e+00 0.000000e+00
2.300000e+00 0.000000e+00
2.312500e+00 0.000000e+00
2.325000e+00 0.000000e+00
2.337500e+00 0.000000e+00
2.350000e+00 0.000000e+00
2.362500e+00 0.000000e+00
2.375000e+00 0.000000e+00
2.387500e+00 0.000000e+00
2.400000e+00 0.000000e+00
2.412500e+00 0.000000e+00
2.425000e+00 0.000000e+00
2.437500e+00 0.000000e+00
2.450000e+00 0.000000e+00
2.462500e+00 0.000000e+00
2.475000e+00 0.000000e+00
2.487500e+00 0.000000e+00
2.500000e+00 0.000000e+00
2.512500e+00 0.000000e+00
2.525000e+00 0.000000e+00
2.537500e+00 0.000000e+00
2.550000e+00 0.000000e+00
2.562500e+00 0.000000e+00
2.575000e+00 0.000000e+00
2.587500e+00 0.000000e+00
2.600000e+00 0.000000e+00
2.612500e+00 0.000000e+00
2.625000e+00 0.000000e+00
2.637500e+00 0.000000e+00
2.650000e+00 0.000000e+00
2.662500e+00 0.000000e+00
2.675000e+00 0.000000e+00
2.687500e+00 0.000000e+00
2.700000e+00 0.000000e+00
2.712500e+00 0.000000e+00
2.725000e+00 0.000000e+00
2.737500e+00 0.000000e+00
2.750000e+00 0.000000e+00
2.762500e+00 0.000000e+00
2.775000e+00 0.000000e+00
2.787500e+00 0.000000e+00
2.800000e+00 0.000000e+00
2.812500e+00 0.000000e+00
2.825000e+00 0.000000e+00
2.837500e+00 0.000000e+00
2.850000e+00 0.000000e+00
2.862500e+00 0.000000e+00
2.875000e+00 0.000000e+00
2.887500e+00 0.000000e+00
2.900000e+00 0.000000e+00
2.912500e+00 0.000000e+00
2.925000e+00 0.000000e+00
2.937500e+00 0.000000e+00
2.950000e+00 0.000000e+00
2.962500e+00 0.000000e+00
2.975000e+00 0.000000e+00
2.987500e+00 0.000000e+00
3.000000e+00 0.000000e+00
3.012500e+00 0.000000e+00
3.025000e+00 0.000000e+00
3.037500e+00 0.000000e+00
3.050000e+00 0.000000e+00
3.062500e+00 0.000000e+00
3.075000e+00 0.000000e+00
3.087500e+00 0.000000e+00
3.100000e+00 0.000000e+00
3.112500e+00 0.000000e+00
3.125000e+00 0.000000e+00
3.137500e+00 0.000000e+00
3.150000e+00 0.000000e+00
3.162500e+00 0.000000e+00
3.175000e+00 0.000000e+00
3.187500e+00 0.000000e+00
3.200000e+00 0.000000e+00
3.212500e+00 0.000000e+00
3.225000e+00 0.000000e+00
3.237500e+00 0.000000e+00
3.250000e+00 0.000000e+00
3.262500e+00 0.000000e+00
3.275000e+00 0.000000e+00
3.287500e+00 0.000000e+00
3.300000e+00 0.000000e+00
3.312500e+00 0.000000e+00
3.325000e+00 0.000000e+00
3.337500e+00 0.000000e+00
3.350000e+00 0.000000e+00
3.362500e+00 0.000000e+00
3.375000e+00 0.000000e+00
3.387500e+00 0.000000e+00
3.400000e+00 0.000000e+00
3.412500e+00 0.000000e+00
3.425000e+00 0.000000e+00
3.437500e+00 0.000000e+00
3.450000e+00 0.000000e+00
3.462500e+00 0.000000e+00
3.475000e+00 0.000000e+00
3.487500e+00 0.000000e+00
3.500000e+00 0.000000e+00
3.512500e+00 0.000000e+00
3.525000e+00 0.000000e+00
3.537500e+00 0.000000e+00
3.550000e+00 0.000000e+00
3.562500e+00 0.000000e+00
3.575000e+00 0.000000e+00
3.587500e+00 0.000000e+00
3.600000e+00 0.000000e+00
3.612500e+00 0.000000e+00
3.625000e+00 0.000000e+00
3.637500e+00 0.000000e+00
3.650000e+00 0.000000e+00
3.662500e+00 0.000000e+00
3.675000e+00 0.000000e+00
3.687500e+00 0.000000e+00
3.700000e+00 0.000000e+00
3.712500e+00 0.000000e+00
3.725000e+00 0.000000e+00
3.737500e+00 0.000000e+00
3.750000e+00 0.000000e+00
3.762500e+00 0.000000e+00
3.775000e+00 0.000000e+00
3.787500e+00 0.000000e+00
3.800000e+00 0.000000e+00
3.812500e+00 0.000000e+00
3.825000e+00 0.000000e+00
3.837500e+00 0.000000e+00
3.850000e+00 0.000000e+00
3.862500e+00 0.000000e+00
3.875000e+00 0.000000e+00
3.887500e+00 0.000000e+00
3.900000e+00 0.000000e+00
3.912500e+00 0.000000e+00
3.925000e+00 0.000000e+00
3.937500e+00 0.000000e+00
3.950000e+00 0.000000e+00
3.962500e+00 0.000000e+00
3.975000e+00 0.000000e+00
3.987500e+00 0.000000e+00
