0.000000e+00 0.000000e+00
1.333334e-02 2.196372e-02
2.666669e-02 3.047851e-02
4.000003e-02 4.392884e-02
5.333338e-02 1.720967e-01
6.666672e-02 4.261667e-01
8.000007e-02 6.905758e-01
9.333341e-02 9.544969e-01
1.066668e-01 1.212015e+00
1.200001e-01 1.463511e+00
1.333334e-01 1.705917e+00
1.466668e-01 1.937155e+00
1.600001e-01 2.159245e+00
1.733335e-01 2.372524e+00
1.866668e-01 2.577170e+00
2.000002e-01 2.772983e+00
2.133335e-01 2.959115e+00
2.266669e-01 3.133741e+00
2.400002e-01 3.293674e+00
2.533335e-01 3.435839e+00
2.666669e-01 3.553532e+00
2.800002e-01 3.636771e+00
2.933336e-01 3.676662e+00
3.066669e-01 3.664853e+00
3.200003e-01 3.596591e+00
3.333336e-01 3.468784e+00
3.466670e-01 3.282753e+00
3.600003e-01 3.044577e+00
3.733336e-01 2.763548e+00
3.866670e-01 2.454478e+00
4.000003e-01 2.132329e+00
4.133337e-01 1.811803e+00
4.266670e-01 1.505852e+00
4.400004e-01 1.224601e+00
4.533337e-01 9.748452e-01
4.666671e-01 7.600428e-01
4.800004e-01 5.809187e-01
4.933337e-01 4.354239e-01
5.066671e-01 3.202854e-01
5.200004e-01 2.314469e-01
5.333338e-01 1.643759e-01
5.466671e-01 1.148214e-01
5.600005e-01 7.897096e-02
5.733338e-01 5.351678e-02
5.866672e-01 3.576036e-02
6.000005e-01 2.357077e-02
6.133338e-01 1.534034e-02
6.266672e-01 9.864526e-03
6.400005e-01 6.271492e-03
6.533339e-01 3.944487e-03
6.666672e-01 2.455774e-03
6.800006e-01 1.514315e-03
6.933339e-01 9.253521e-04
7.066673e-01 5.606510e-04
7.200006e-01 3.369660e-04
7.333339e-01 2.011237e-04
7.466673e-01 1.191957e-04
7.600006e-01 7.015060e-05
7.733340e-01 4.104148e-05
7.866673e-01 2.388604e-05
8.000007e-01 1.382597e-05
8.133340e-01 7.962138e-06
8.266674e-01 4.564932e-06
8.400007e-01 2.606457e-06
8.533340e-01 1.482579e-06
8.666674e-01 8.403566e-07
8.800007e-01 4.748043e-07
8.933341e-01 2.674768e-07
9.066674e-01 1.503249e-07
9.200008e-01 8.427896e-08
9.333341e-01 4.713133e-08
9.466675e-01 2.631343e-08
9.600008e-01 1.466974e-08
9.733341e-01 8.165553e-09
9.866675e-01 4.538917e-09
1.000001e+00 2.520824e-09
1.013334e+00 1.399069e-09
1.026668e+00 7.758234e-10
1.040001e+00 4.300623e-10
1.053334e+00 2.383477e-10
1.066668e+00 1.320884e-10
1.080001e+00 7.320706e-11
1.093334e+00 4.056775e-11
1.106668e+00 2.248758e-11
1.120001e+00 1.247112e-11
1.133334e+00 6.920145e-12
1.146668e+00 3.842407e-12
1.160001e+00 2.135110e-12
1.173334e+00 1.187433e-12
1.186668e+00 6.611023e-13
1.200001e+00 3.682045e-13
1.213334e+00 2.054358e-13
1.226668e+00 1.148893e-13
1.240001e+00 6.409503e-14
1.253334e+00 3.578703e-14
1.266668e+00 2.020810e-14
1.280001e+00 1.137038e-14
1.293334e+00 6.366295e-15
1.306668e+00 3.637968e-15
1.320001e+00 1.934040e-15
1.333334e+00 9.036005e-16
1.346668e+00 4.679593e-16
1.360001e+00 4.669347e-16
1.373334e+00 -3.352543e-18
1.386668e+00 -1.220179e-29
1.400001e+00 -4.440916e-41
1.413335e+00 -1.616298e-52
1.426668e+00 -5.882618e-64
1.440001e+00 -2.141015e-75
1.453335e+00 -7.792355e-87
1.466668e+00 -2.836075e-98
1.480001e+00 -1.032207e-109
1.493335e+00 -3.756781e-121
1.506668e+00 -1.367303e-132
1.520001e+00 -4.976385e-144
1.533335e+00 -1.811186e-155
1.546668e+00 -6.591922e-167
1.560001e+00 -2.399170e-178
1.573335e+00 -8.731928e-190
1.586668e+00 -3.178039e-201
1.600001e+00 -1.156667e-212
1.613335e+00 -4.209760e-224
1.626668e+00 -1.532168e-235
1.640001e+00 -5.576419e-247
1.653335e+00 -2.029572e-258
1.666668e+00 -7.386752e-270
1.680001e+00 -2.688454e-281
1.693335e+00 -9.784792e-293
1.706668e+00 -3.561235e-304
1.720001e+00 -1.296133e-315
1.733335e+00 0.000000e+00
1.746668e+00 0.000000e+00
1.760001e+00 0.000000e+00
1.773335e+00 0.000000e+00
1.786668e+00 0.000000e+00
1.800002e+00 0.000000e+00
1.813335e+00 0.000000e+00
1.826668e+00 0.000000e+00
1.840002e+00 0.000000e+00
1.853335e+00 0.000000e+00
1.866668e+00 0.000000e+00
1.880002e+00 0.000000e+00
1.893335e+00 0.000000e+00
1.906668e+00 0.000000e+00
1.920002e+00 0.000000e+00
1.933335e+00 0.000000e+00
1.946668e+00 0.000000e+00
1.960002e+00 0.000000e+00
1.973335e+00 0.000000e+00
1.986668e+00 0.000000e+00
2.000002e+00 0.000000e+00
2.013335e+00 0.000000e+00
2.026668e+00 0.000000e+00
2.040002e+00 0.000000e+00
2.053335e+00 0.000000e+00
2.066668e+00 0.000000e+00
2.080002e+00 0.000000e+00
2.093335e+00 0.000000e+00
2.106668e+00 0.000000e+00
2.120002e+00 0.000000e+00
2.133335e+00 0.000000e+00
2.146668e+00 0.000000e+00
2.160002e+00 0.000000e+00
2.173335e+00 0.000000e+00
2.186668e+00 0.000000e+00
2.200002e+00 0.000000e+00
2.213335e+00 0.000000e+00
2.226669e+00 0.000000e+00
2.240002e+00 0.000000e+00
2.253335e+00 0.000000e+00
2.266669e+00 0.000000e+00
2.280002e+00 0.000000e+00
2.293335e+00 0.000000e+00
2.306669e+00 0.000000e+00
2.320002e+00 0.000000e+00
2.333335e+00 0.000000e+00
2.346669e+00 0.000000e+00
2.360002e+00 0.000000e+00
2.373335e+00 0.000000e+00
2.386669e+00 0.000000e+00
2.400002e+00 0.000000e+00
2.413335e+00 0.000000e+00
2.426669e+00 0.000000e+00
2.440002e+00 0.000000e+00
2.453335e+00 0.000000e+00
2.466669e+00 0.000000e+00
2.480002e+00 0.000000e+00
2.493335e+00 0.000000e+00
2.506669e+00 0.000000e+00
2.520002e+00 0.000000e+00
2.533335e+00 0.000000e+00
2.546669e+00 0.000000e+00
2.560002e+00 0.000000e+00
2.573335e+00 0.000000e+00
2.586669e+00 0.000000e+00
2.600002e+00 0.000000e+00
2.613336e+00 0.000000e+00
2.626669e+00 0.000000e+00
2.640002e+00 0.000000e+00
2.653336e+00 0.000000e+00
2.666669e+00 0.000000e+00
2.680002e+00 0.000000e+00
2.693336e+00 0.000000e+00
2.706669e+00 0.000000e+00
2.720002e+00 0.000000e+00
2.733336e+00 0.000000e+00
2.746669e+00 0.000000e+00
2.760002e+00 0.000000e+00
2.773336e+00 0.000000e+00
2.786669e+00 0.000000e+00
2.800002e+00 0.000000e+00
2.813336e+00 0.000000e+00
2.826669e+00 0.000000e+00
2.840002e+00 0.000000e+00
2.853336e+00 0.000000e+00
2.866669e+00 0.000000e+00
2.880002e+00 0.000000e+00
2.893336e+00 0.000000e+00
2.906669e+00 0.000000e+00
2.920002e+00 0.000000e+00
2.933336e+00 0.000000e+00
2.946669e+00 0.000000e+00
2.960002e+00 0.000000e+00
2.973336e+00 0.000000e+00
2.986669e+00 0.000000e+00
3.000003e+00 0.000000e+00
3.013336e+00 0.000000e+00
3.026669e+00 0.000000e+00
3.040003e+00 0.000000e+00
3.053336e+00 0.000000e+00
3.066669e+00 0.000000e+00
3.080003e+00 0.000000e+00
3.093336e+00 0.000000e+00
3.106669e+00 0.000000e+00
3.120003e+00 0.000000e+00
3.133336e+00 0.000000e+00
3.146669e+00 0.000000e+00
3.160003e+00 0.000000e+00
3.173336e+00 0.000000e+00
3.186669e+00 0.000000e+00
3.200003e+00 0.000000e+00
3.213336e+00 0.000000e+00
3.226669e+00 0.000000e+00
3.240003e+00 0.000000e+00
3.253336e+00 0.000000e+00
3.266669e+00 0.000000e+00
3.280003e+00 0.000000e+00
3.293336e+00 0.000000e+00
3.306669e+00 0.000000e+00
3.320003e+00 0.000000e+00
3.333336e+00 0.000000e+00
3.346669e+00 0.000000e+00
3.360003e+00 0.000000e+00
3.373336e+00 0.000000e+00
3.386669e+00 0.000000e+00
3.400003e+00 0.000000e+00
3.413336e+00 0.000000e+00
3.426670e+00 0.000000e+00
3.440003e+00 0.000000e+00
3.453336e+00 0.000000e+00
3.466670e+00 0.000000e+00
3.480003e+00 0.000000e+00
3.493336e+00 0.000000e+00
3.506670e+00 0.000000e+00
3.520003e+00 0.000000e+00
3.533336e+00 0.000000e+00
3.546670e+00 0.000000e+00
3.560003e+00 0.000000e+00
3.573336e+00 0.000000e+00
3.586670e+00 0.000000e+00
3.600003e+00 0.000000e+00
3.613336e+00 0.000000e+00
3.626670e+00 0.000000e+00
3.640003e+00 0.000000e+00
3.653336e+00 0.000000e+00
3.666670e+00 0.000000e+00
3.680003e+00 0.000000e+00
3.693336e+00 0.000000e+00
3.706670e+00 0.000000e+00
3.720003e+00 0.000000e+00
3.733336e+00 0.000000e+00
3.746670e+00 0.000000e+00
3.760003e+00 0.000000e+00
3.773336e+00 0.000000e+00
3.786670e+00 0.000000e+00
3.800003e+00 0.000000e+00
3.813337e+00 0.000000e+00
3.826670e+00 0.000000e+00
3.840003e+00 0.000000e+00
3.853337e+00 0.000000e+00
3.866670e+00 0.000000e+00
3.880003e+00 0.000000e+00
3.893337e+00 0.000000e+00
3.906670e+00 0.000000e+00
3.920003e+00 0.000000e+00
3.933337e+00 0.000000e+00
3.946670e+00 0.000000e+00
3.960003e+00 0.000000e+00
3.973337e+00 0.000000e+00
3.986670e+00 0.000000e+00
4.000003e+00 0.000000e+00
