2.500000e-01 0.000000e+00
2.625000e-01 1.312540e-198
2.750000e-01 3.606312e-187
2.875000e-01 9.908646e-176
3.000000e-01 2.722484e-164
3.125000e-01 7.480252e-153
3.250000e-01 2.055262e-141
3.375000e-01 5.647004e-130
3.500000e-01 1.551562e-118
3.625000e-01 4.263046e-107
3.750000e-01 1.171308e-95
3.875000e-01 3.218266e-84
4.000000e-01 8.842455e-73
4.125000e-01 2.429539e-61
4.250000e-01 6.675361e-50
4.375000e-01 1.834111e-38
4.500000e-01 5.039375e-27
4.625000e-01 2.579568e-16
4.750000e-01 1.217310e-15
4.875000e-01 8.385120e-15
5.000000e-01 5.302139e-14
5.125000e-01 3.075973e-13
5.250000e-01 1.648125e-12
5.375000e-01 8.183777e-12
5.500000e-01 3.776080e-11
5.625000e-01 1.625060e-10
5.750000e-01 6.536396e-10
5.875000e-01 2.462654e-09
6.000000e-01 8.696999e-09
6.125000e-01 2.894337e-08
6.250000e-01 9.129568e-08
6.375000e-01 2.721288e-07
6.500000e-01 7.696289e-07
6.625000e-01 2.068054e-06
6.750000e-01 5.294131e-06
6.875000e-01 1.291681e-05
7.000000e-01 3.015836e-05
7.125000e-01 6.735029e-05
7.250000e-01 1.443205e-04
7.375000e-01 2.972179e-04
7.500000e-01 5.883120e-04
7.625000e-01 1.123437e-03
7.750000e-01 2.069518e-03
7.875000e-01 3.685087e-03
8.000000e-01 6.356246e-03
8.125000e-01 1.062896e-02
8.250000e-01 1.720657e-02
8.375000e-01 2.709325e-02
8.500000e-01 4.147043e-02
8.625000e-01 6.181933e-02
8.750000e-01 8.977702e-02
8.875000e-01 1.273440e-01
9.000000e-01 1.763369e-01
9.125000e-01 2.386068e-01
9.250000e-01 3.162850e-01
9.375000e-01 4.107668e-01
9.500000e-01 5.227305e-01
9.625000e-01 6.528876e-01
9.750000e-01 8.015828e-01
9.875000e-01 9.662926e-01
1.000000e+00 1.149717e+00
1.012500e+00 1.346772e+00
1.025000e+00 1.549005e+00
1.037500e+00 1.756947e+00
1.050000e+00 1.965715e+00
1.062500e+00 2.172215e+00
1.075000e+00 2.368293e+00
1.087500e+00 2.550803e+00
1.100000e+00 2.715307e+00
1.112500e+00 2.857839e+00
1.125000e+00 2.975049e+00
1.137500e+00 3.066878e+00
1.150000e+00 3.126472e+00
1.162500e+00 3.155419e+00
1.175000e+00 3.153425e+00
1.187500e+00 3.123032e+00
1.200000e+00 3.071931e+00
1.212500e+00 2.994464e+00
1.225000e+00 2.882658e+00
1.237500e+00 2.754333e+00
1.250000e+00 2.607022e+00
1.262500e+00 2.446751e+00
1.275000e+00 2.279326e+00
1.287500e+00 2.104270e+00
1.300000e+00 1.928863e+00
1.312500e+00 1.752690e+00
1.325000e+00 1.581782e+00
1.337500e+00 1.415523e+00
1.350000e+00 1.258510e+00
1.362500e+00 1.110838e+00
1.375000e+00 9.726049e-01
1.387500e+00 8.461202e-01
1.400000e+00 7.334254e-01
1.412500e+00 6.315242e-01
1.425000e+00 5.385520e-01
1.437500e+00 4.565357e-01
1.450000e+00 3.842831e-01
1.462500e+00 3.218104e-01
1.475000e+00 2.679116e-01
1.487500e+00 2.217636e-01
1.500000e+00 1.825414e-01
1.512500e+00 1.492981e-01
1.525000e+00 1.215795e-01
1.537500e+00 9.849851e-02
1.550000e+00 7.932364e-02
1.562500e+00 6.363396e-02
1.575000e+00 5.075380e-02
1.587500e+00 4.027464e-02
1.600000e+00 3.194900e-02
1.612500e+00 2.523465e-02
1.625000e+00 1.976689e-02
1.637500e+00 1.542859e-02
1.650000e+00 1.199581e-02
1.662500e+00 9.281614e-03
1.675000e+00 7.154926e-03
1.687500e+00 5.495719e-03
1.700000e+00 4.206603e-03
1.712500e+00 3.209040e-03
1.725000e+00 2.437502e-03
1.737500e+00 1.845605e-03
1.750000e+00 1.393158e-03
1.762500e+00 1.047413e-03
1.775000e+00 7.851139e-04
1.787500e+00 5.863662e-04
1.800000e+00 4.398238e-04
1.812500e+00 3.290852e-04
1.825000e+00 2.436013e-04
1.837500e+00 1.800496e-04
1.850000e+00 1.327807e-04
1.862500e+00 9.769577e-05
1.875000e+00 7.163921e-05
1.887500e+00 5.241957e-05
1.900000e+00 3.827681e-05
1.912500e+00 2.789389e-05
1.925000e+00 2.028822e-05
1.937500e+00 1.471020e-05
1.950000e+00 1.065990e-05
1.962500e+00 7.701726e-06
1.975000e+00 5.561299e-06
1.987500e+00 4.004190e-06
2.000000e+00 2.906863e-06
2.012500e+00 2.107161e-06
2.025000e+00 1.510734e-06
2.037500e+00 1.082969e-06
2.050000e+00 7.754186e-07
2.062500e+00 5.544706e-07
2.075000e+00 3.959900e-07
2.087500e+00 2.824686e-07
2.100000e+00 2.015665e-07
2.112500e+00 1.436827e-07
2.125000e+00 1.023168e-07
2.137500e+00 7.290492e-08
2.150000e+00 5.181677e-08
2.162500e+00 3.691822e-08
2.175000e+00 2.623458e-08
2.187500e+00 1.863849e-08
2.200000e+00 1.335944e-08
2.212500e+00 9.567869e-09
2.225000e+00 6.798357e-09
2.237500e+00 4.832685e-09
2.250000e+00 3.440153e-09
2.262500e+00 2.447736e-09
2.275000e+00 1.740915e-09
2.287500e+00 1.237737e-09
2.300000e+00 8.813241e-10
2.312500e+00 6.273697e-10
2.325000e+00 4.473254e-10
2.337500e+00 3.182867e-10
2.350000e+00 2.268626e-10
2.362500e+00 1.616824e-10
2.375000e+00 1.152067e-10
2.387500e+00 8.202916e-11
2.400000e+00 5.878405e-11
2.412500e+00 4.212456e-11
2.425000e+00 2.999416e-11
2.437500e+00 2.141461e-11
2.450000e+00 1.526065e-11
2.462500e+00 1.089763e-11
2.475000e+00 7.767402e-12
2.487500e+00 5.548207e-12
2.500000e+00 3.955404e-12
2.512500e+00 2.820326e-12
2.525000e+00 2.015622e-12
2.537500e+00 1.437570e-12
2.550000e+00 1.025884e-12
2.562500e+00 7.304688e-13
2.575000e+00 5.213490e-13
2.587500e+00 3.718875e-13
2.600000e+00 2.667892e-13
2.612500e+00 1.913919e-13
2.625000e+00 1.363555e-13
2.637500e+00 9.707654e-14
2.650000e+00 6.908684e-14
2.662500e+00 4.927527e-14
2.675000e+00 3.507189e-14
2.687500e+00 2.499488e-14
2.700000e+00 1.779919e-14
2.712500e+00 1.264107e-14
2.725000e+00 8.948289e-15
2.737500e+00 6.413084e-15
2.750000e+00 4.511215e-15
2.762500e+00 3.312415e-15
2.775000e+00 2.249448e-15
2.787500e+00 1.567781e-15
2.800000e+00 1.179521e-15
2.812500e+00 7.640479e-16
2.825000e+00 6.102909e-16
2.837500e+00 4.483994e-16
2.850000e+00 2.919154e-16
2.862500e+00 3.001142e-16
2.875000e+00 1.398013e-16
2.887500e+00 1.362843e-16
2.900000e+00 1.332070e-16
2.912500e+00 -3.556560e-22
2.925000e+00 -1.294432e-33
2.937500e+00 -4.711165e-45
2.950000e+00 -1.714657e-56
2.962500e+00 -6.240600e-68
2.975000e+00 -2.271305e-79
2.987500e+00 -8.266553e-91
3.000000e+00 -3.008663e-102
3.012500e+00 -1.095021e-113
3.025000e+00 -3.985397e-125
3.037500e+00 -1.450510e-136
3.050000e+00 -5.279219e-148
3.062500e+00 -1.921404e-159
3.075000e+00 -6.993069e-171
3.087500e+00 -2.545170e-182
3.100000e+00 -9.263304e-194
3.112500e+00 -3.371436e-205
3.125000e+00 -1.227055e-216
3.137500e+00 -4.465942e-228
3.150000e+00 -1.625407e-239
3.162500e+00 -5.915768e-251
3.175000e+00 -2.153080e-262
3.187500e+00 -7.836268e-274
3.200000e+00 -2.852058e-285
3.212500e+00 -1.038024e-296
3.225000e+00 -3.777952e-308
3.237500e+00 -1.374985e-319
3.250000e+00 0.000000e+00
3.262500e+00 0.000000e+00
3.275000e+00 0.000000e+00
3.287500e+00 0.000000e+00
3.300000e+00 0.000000e+00
3.312500e+00 0.000000e+00
3.325000e+00 0.000000e+00
3.337500e+00 0.000000e+00
3.350000e+00 0.000000e+00
3.362500e+00 0.000000e+00
3.375000e+00 0.000000e+00
3.387500e+00 0.000000e+00
3.400000e+00 0.000000e+00
3.412500e+00 0.000000e+00
3.425000e+00 0.000000e+00
3.437500e+00 0.000000e+00
3.450000e+00 0.000000e+00
3.462500e+00 0.000000e+00
3.475000e+00 0.000000e+00
3.487500e+00 0.000000e+00
3.500000e+00 0.000000e+00
3.512500e+00 0.000000e+00
3.525000e+00 0.000000e+00
3.537500e+00 0.000000e+00
3.550000e+00 0.000000e+00
3.562500e+00 0.000000e+00
3.575000e+00 0.000000e+00
3.587500e+00 0.000000e+00
3.600000e+00 0.000000e+00
3.612500e+00 0.000000e+00
3.625000e+00 0.000000e+00
3.637500e+00 0.000000e+00
3.650000e+00 0.000000e+00
3.662500e+00 0.000000e+00
3.675000e+00 0.000000e+00
3.687500e+00 0.000000e+00
3.700000e+00 0.000000e+00
3.712500e+00 0.000000e+00
3.725000e+00 0.000000e+00
3.737500e+00 0.000000e+00
3.750000e+00 0.000000e+00
3.762500e+00 0.000000e+00
3.775000e+00 0.000000e+00
3.787500e+00 0.000000e+00
3.800000e+00 0.000000e+00
3.812500e+00 0.000000e+00
3.825000e+00 0.000000e+00
3.837500e+00 0.000000e+00
3.850000e+00 0.000000e+00
3.862500e+00 0.000000e+00
3.875000e+00 0.000000e+00
3.887500e+00 0.000000e+00
3.900000e+00 0.000000e+00
3.912500e+00 0.000000e+00
3.925000e+00 0.000000e+00
3.937500e+00 0.000000e+00
3.950000e+00 0.000000e+00
3.962500e+00 0.000000e+00
3.975000e+00 0.000000e+00
3.987500e+00 0.000000e+00
