2.500000e-01 0.000000e+00
2.625000e-01 0.000000e+00
2.750000e-01 0.000000e+00
2.875000e-01 0.000000e+00
3.000000e-01 0.000000e+00
3.125000e-01 0.000000e+00
3.250000e-01 0.000000e+00
3.375000e-01 0.000000e+00
3.500000e-01 0.000000e+00
3.625000e-01 0.000000e+00
3.750000e-01 0.000000e+00
3.875000e-01 0.000000e+00
4.000000e-01 0.000000e+00
4.125000e-01 0.000000e+00
4.250000e-01 0.000000e+00
4.375000e-01 0.000000e+00
4.500000e-01 0.000000e+00
4.625000e-01 0.000000e+00
4.750000e-01 0.000000e+00
4.875000e-01 0.000000e+00
5.000000e-01 0.000000e+00
5.125000e-01 0.000000e+00
5.250000e-01 0.000000e+00
5.375000e-01 0.000000e+00
5.500000e-01 0.000000e+00
5.625000e-01 0.000000e+00
5.750000e-01 0.000000e+00
5.875000e-01 0.000000e+00
6.000000e-01 0.000000e+00
6.125000e-01 0.000000e+00
6.250000e-01 0.000000e+00
6.375000e-01 0.000000e+00
6.500000e-01 0.000000e+00
6.625000e-01 0.000000e+00
6.750000e-01 0.000000e+00
6.875000e-01 0.000000e+00
7.000000e-01 0.000000e+00
7.125000e-01 0.000000e+00
7.250000e-01 0.000000e+00
7.375000e-01 0.000000e+00
7.500000e-01 0.000000e+00
7.625000e-01 0.000000e+00
7.750000e-01 0.000000e+00
7.875000e-01 0.000000e+00
8.000000e-01 0.000000e+00
8.125000e-01 0.000000e+00
8.250000e-01 0.000000e+00
8.375000e-01 0.000000e+00
8.500000e-01 0.000000e+00
8.625000e-01 0.000000e+00
8.750000e-01 0.000000e+00
8.875000e-01 0.000000e+00
9.000000e-01 0.000000e+00
9.125000e-01 0.000000e+00
9.250000e-01 0.000000e+00
9.375000e-01 0.000000e+00
9.500000e-01 0.000000e+00
9.625000e-01 0.000000e+00
9.750000e-01 0.000000e+00
9.875000e-01 0.000000e+00
1.000000e+00 0.000000e+00
1.012500e+00 0.000000e+00
1.025000e+00 0.000000e+00
1.037500e+00 0.000000e+00
1.050000e+00 0.000000e+00
1.062500e+00 0.000000e+00
1.075000e+00 0.000000e+00
1.087500e+00 0.000000e+00
1.100000e+00 0.000000e+00
1.112500e+00 0.000000e+00
1.125000e+00 0.000000e+00
1.137500e+00 0.000000e+00
1.150000e+00 0.000000e+00
1.162500e+00 0.000000e+00
1.175000e+00 0.000000e+00
1.187500e+00 -1.252810e-313
1.200000e+00 -3.442202e-302
1.212500e+00 -9.457737e-291
1.225000e+00 -2.598593e-279
1.237500e+00 -7.139851e-268
1.250000e+00 -1.961734e-256
1.262500e+00 -5.390028e-245
1.275000e+00 -1.480955e-233
1.287500e+00 -4.069049e-222
1.300000e+00 -1.118005e-210
1.312500e+00 -3.071814e-199
1.325000e+00 -8.440065e-188
1.337500e+00 -2.318979e-176
1.350000e+00 -6.371588e-165
1.362500e+00 -1.750647e-153
1.375000e+00 -4.810050e-142
1.387500e+00 -1.321602e-130
1.400000e+00 -3.631211e-119
1.412500e+00 -9.977057e-108
1.425000e+00 -2.741280e-96
1.437500e+00 -7.531897e-85
1.450000e+00 -2.069452e-73
1.462500e+00 -5.685992e-62
1.475000e+00 -1.562274e-50
1.487500e+00 -4.292479e-39
1.500000e+00 -1.179395e-27
1.512500e+00 2.548084e-16
1.525000e+00 4.547018e-16
1.537500e+00 1.261354e-15
1.550000e+00 3.768119e-15
1.562500e+00 1.120735e-14
1.575000e+00 3.248881e-14
1.587500e+00 9.060598e-14
1.600000e+00 2.477420e-13
1.612500e+00 6.592858e-13
1.625000e+00 1.702333e-12
1.637500e+00 4.286716e-12
1.650000e+00 1.053088e-11
1.662500e+00 2.522464e-11
1.675000e+00 5.900521e-11
1.687500e+00 1.348670e-10
1.700000e+00 3.013719e-10
1.712500e+00 6.587351e-10
1.725000e+00 1.407648e-09
1.737500e+00 2.945239e-09
1.750000e+00 6.036707e-09
1.762500e+00 1.211378e-08
1.775000e+00 2.383244e-08
1.787500e+00 4.595700e-08
1.800000e+00 8.756574e-08
1.812500e+00 1.638753e-07
1.825000e+00 2.987062e-07
1.837500e+00 5.355105e-07
1.850000e+00 9.438503e-07
1.862500e+00 1.635828e-06
1.875000e+00 2.785741e-06
1.887500e+00 4.668444e-06
1.900000e+00 7.701718e-06
1.912500e+00 1.251237e-05
1.925000e+00 2.002521e-05
1.937500e+00 3.154234e-05
1.950000e+00 4.903698e-05
1.962500e+00 7.507827e-05
1.975000e+00 1.135116e-04
1.987500e+00 1.691264e-04
2.000000e+00 2.510951e-04
2.012500e+00 3.681777e-04
2.025000e+00 5.279351e-04
2.037500e+00 7.487534e-04
2.050000e+00 1.049484e-03
2.062500e+00 1.453793e-03
2.075000e+00 1.990929e-03
2.087500e+00 2.696138e-03
2.100000e+00 3.616863e-03
2.112500e+00 4.800524e-03
2.125000e+00 6.305438e-03
2.137500e+00 8.211210e-03
2.150000e+00 1.057021e-02
2.162500e+00 1.351996e-02
2.175000e+00 1.709934e-02
2.187500e+00 2.143963e-02
2.200000e+00 2.689215e-02
2.212500e+00 3.343891e-02
2.225000e+00 4.091911e-02
2.237500e+00 4.970815e-02
2.250000e+00 6.001132e-02
2.262500e+00 7.187864e-02
2.275000e+00 8.543360e-02
2.287500e+00 1.007863e-01
2.300000e+00 1.182509e-01
2.312500e+00 1.377624e-01
2.325000e+00 1.596904e-01
2.337500e+00 1.835260e-01
2.350000e+00 2.099463e-01
2.362500e+00 2.386598e-01
2.375000e+00 2.696123e-01
2.387500e+00 3.025637e-01
2.400000e+00 3.397535e-01
2.412500e+00 3.793991e-01
2.425000e+00 4.186438e-01
2.437500e+00 4.607427e-01
2.450000e+00 5.035109e-01
2.462500e+00 5.486136e-01
2.475000e+00 5.936833e-01
2.487500e+00 6.407821e-01
2.500000e+00 6.870982e-01
2.512500e+00 7.335578e-01
2.525000e+00 7.815169e-01
2.537500e+00 8.275099e-01
2.550000e+00 8.727898e-01
2.562500e+00 9.151384e-01
2.575000e+00 9.580272e-01
2.587500e+00 9.987133e-01
2.600000e+00 1.042895e+00
2.612500e+00 1.085882e+00
2.625000e+00 1.118531e+00
2.637500e+00 1.147170e+00
2.650000e+00 1.176039e+00
2.662500e+00 1.199525e+00
2.675000e+00 1.220263e+00
2.687500e+00 1.238240e+00
2.700000e+00 1.253469e+00
2.712500e+00 1.262848e+00
2.725000e+00 1.272646e+00
2.737500e+00 1.276589e+00
2.750000e+00 1.277913e+00
2.762500e+00 1.276812e+00
2.775000e+00 1.273061e+00
2.787500e+00 1.264998e+00
2.800000e+00 1.272040e+00
2.812500e+00 1.277491e+00
2.825000e+00 1.263743e+00
2.837500e+00 1.250387e+00
2.850000e+00 1.232047e+00
2.862500e+00 1.215853e+00
2.875000e+00 1.198346e+00
2.887500e+00 1.175845e+00
2.900000e+00 1.156024e+00
2.912500e+00 1.135222e+00
2.925000e+00 1.109687e+00
2.937500e+00 1.087200e+00
2.950000e+00 1.064001e+00
2.962500e+00 1.040260e+00
2.975000e+00 1.015653e+00
2.987500e+00 9.882525e-01
3.000000e+00 9.794783e-01
3.012500e+00 9.700031e-01
3.025000e+00 9.458511e-01
3.037500e+00 9.194038e-01
3.050000e+00 8.969615e-01
3.062500e+00 8.702816e-01
3.075000e+00 8.473858e-01
3.087500e+00 8.243368e-01
3.100000e+00 8.011544e-01
3.112500e+00 7.778579e-01
3.125000e+00 7.544641e-01
3.137500e+00 7.349584e-01
3.150000e+00 7.113998e-01
3.162500e+00 6.918186e-01
3.175000e+00 6.679497e-01
3.187500e+00 6.463986e-01
3.200000e+00 6.385829e-01
3.212500e+00 6.307401e-01
3.225000e+00 6.090678e-01
3.237500e+00 5.890447e-01
3.250000e+00 5.692307e-01
3.262500e+00 5.493386e-01
3.275000e+00 5.334181e-01
3.287500e+00 5.135010e-01
3.300000e+00 4.975479e-01
3.312500e+00 4.775982e-01
3.325000e+00 4.616127e-01
3.337500e+00 4.456092e-01
3.350000e+00 4.295812e-01
3.362500e+00 4.135816e-01
3.375000e+00 3.973785e-01
3.387500e+00 3.798191e-01
3.400000e+00 3.732605e-01
3.412500e+00 3.662698e-01
3.425000e+00 3.530024e-01
3.437500e+00 3.366887e-01
3.450000e+00 3.244786e-01
3.462500e+00 3.082474e-01
3.475000e+00 2.959505e-01
3.487500e+00 2.836252e-01
3.500000e+00 2.712718e-01
3.512500e+00 2.588926e-01
3.525000e+00 2.464910e-01
3.537500e+00 2.340701e-01
3.550000e+00 2.255213e-01
3.562500e+00 2.130932e-01
3.575000e+00 2.044179e-01
3.587500e+00 1.950777e-01
3.600000e+00 1.891147e-01
3.612500e+00 1.831041e-01
3.625000e+00 1.737012e-01
3.637500e+00 1.649355e-01
3.650000e+00 1.562616e-01
3.662500e+00 1.512763e-01
3.675000e+00 1.425978e-01
3.687500e+00 1.375785e-01
3.700000e+00 1.289519e-01
3.712500e+00 1.239296e-01
3.725000e+00 1.188981e-01
3.737500e+00 1.138648e-01
3.750000e+00 1.088367e-01
3.762500e+00 1.038338e-01
3.775000e+00 1.021353e-01
3.787500e+00 9.679966e-02
3.800000e+00 9.533440e-02
3.812500e+00 9.347038e-02
3.825000e+00 9.153638e-02
3.837500e+00 8.953597e-02
3.850000e+00 8.747316e-02
3.862500e+00 8.535228e-02
3.875000e+00 8.595106e-02
3.887500e+00 8.365505e-02
3.900000e+00 8.393814e-02
3.912500e+00 8.402972e-02
3.925000e+00 8.393274e-02
3.937500e+00 8.365137e-02
3.950000e+00 8.319136e-02
3.962500e+00 8.477771e-02
3.975000e+00 8.608701e-02
3.987500e+00 8.514278e-02
