2.500000e-01 0.000000e+00
2.625000e-01 3.689532e-11
2.750000e-01 2.215513e-10
2.875000e-01 1.201858e-09
3.000000e-01 5.919552e-09
3.125000e-01 2.659754e-08
3.250000e-01 1.094017e-07
3.375000e-01 4.141327e-07
3.500000e-01 1.448557e-06
3.625000e-01 4.695015e-06
3.750000e-01 1.418218e-05
3.875000e-01 4.004060e-05
4.000000e-01 1.047163e-04
4.125000e-01 2.576613e-04
4.250000e-01 6.050031e-04
4.375000e-01 1.341178e-03
4.500000e-01 2.818160e-03
4.625000e-01 5.628885e-03
4.750000e-01 1.071277e-02
4.875000e-01 1.947286e-02
5.000000e-01 3.388339e-02
5.125000e-01 5.656048e-02
5.250000e-01 9.076333e-02
5.375000e-01 1.402961e-01
5.500000e-01 2.092915e-01
5.625000e-01 3.021023e-01
5.750000e-01 4.223975e-01
5.875000e-01 5.727762e-01
6.000000e-01 7.530142e-01
6.125000e-01 9.642674e-01
6.250000e-01 1.208382e+00
6.375000e-01 1.476418e+00
6.500000e-01 1.764436e+00
6.625000e-01 2.063592e+00
6.750000e-01 2.366368e+00
6.875000e-01 2.659441e+00
7.000000e-01 2.938578e+00
7.125000e-01 3.188049e+00
7.250000e-01 3.403568e+00
7.375000e-01 3.578151e+00
7.500000e-01 3.700883e+00
7.625000e-01 3.776323e+00
7.750000e-01 3.797393e+00
7.875000e-01 3.766992e+00
8.000000e-01 3.690499e+00
8.125000e-01 3.569926e+00
8.250000e-01 3.401688e+00
8.375000e-01 3.204827e+00
8.500000e-01 2.980786e+00
8.625000e-01 2.739543e+00
8.750000e-01 2.486640e+00
8.875000e-01 2.233001e+00
9.000000e-01 1.981242e+00
9.125000e-01 1.737209e+00
9.250000e-01 1.507996e+00
9.375000e-01 1.295242e+00
9.500000e-01 1.100195e+00
9.625000e-01 9.251387e-01
9.750000e-01 7.708789e-01
9.875000e-01 6.354453e-01
1.000000e+00 5.206686e-01
1.012500e+00 4.227663e-01
1.025000e+00 3.391480e-01
1.037500e+00 2.698606e-01
1.050000e+00 2.129686e-01
1.062500e+00 1.668609e-01
1.075000e+00 1.296204e-01
1.087500e+00 9.993859e-02
1.100000e+00 7.649689e-02
1.112500e+00 5.814519e-02
1.125000e+00 4.389853e-02
1.137500e+00 3.295484e-02
1.150000e+00 2.456411e-02
1.162500e+00 1.819971e-02
1.175000e+00 1.340522e-02
1.187500e+00 9.823605e-03
1.200000e+00 7.178647e-03
1.212500e+00 5.219102e-03
1.225000e+00 3.762407e-03
1.237500e+00 2.702907e-03
1.250000e+00 1.931354e-03
1.262500e+00 1.373993e-03
1.275000e+00 9.742422e-04
1.287500e+00 6.874281e-04
1.300000e+00 4.836186e-04
1.312500e+00 3.386896e-04
1.325000e+00 2.365726e-04
1.337500e+00 1.645456e-04
1.350000e+00 1.141855e-04
1.362500e+00 7.899917e-05
1.375000e+00 5.444467e-05
1.387500e+00 3.743884e-05
1.400000e+00 2.576000e-05
1.412500e+00 1.767975e-05
1.425000e+00 1.206752e-05
1.437500e+00 8.221570e-06
1.450000e+00 5.584605e-06
1.462500e+00 3.789305e-06
1.475000e+00 2.566309e-06
1.487500e+00 1.734951e-06
1.500000e+00 1.170954e-06
1.512500e+00 7.883089e-07
1.525000e+00 5.304287e-07
1.537500e+00 3.564184e-07
1.550000e+00 2.389536e-07
1.562500e+00 1.601676e-07
1.575000e+00 1.071270e-07
1.587500e+00 7.154053e-08
1.600000e+00 4.792922e-08
1.612500e+00 3.208113e-08
1.625000e+00 2.136900e-08
1.637500e+00 1.423034e-08
1.650000e+00 9.470840e-09
1.662500e+00 6.292974e-09
1.675000e+00 4.179173e-09
1.687500e+00 2.774075e-09
1.700000e+00 1.840626e-09
1.712500e+00 1.220838e-09
1.725000e+00 8.086532e-10
1.737500e+00 5.354911e-10
1.750000e+00 3.545273e-10
1.762500e+00 2.344340e-10
1.775000e+00 1.549819e-10
1.787500e+00 1.023611e-10
1.800000e+00 6.808076e-11
1.812500e+00 4.528389e-11
1.825000e+00 2.987648e-11
1.837500e+00 1.973072e-11
1.850000e+00 1.303332e-11
1.862500e+00 8.609863e-12
1.875000e+00 5.682127e-12
1.887500e+00 3.750934e-12
1.900000e+00 2.476513e-12
1.912500e+00 1.635281e-12
1.925000e+00 1.080158e-12
1.937500e+00 7.128345e-13
1.950000e+00 4.710774e-13
1.962500e+00 3.111098e-13
1.975000e+00 2.056060e-13
1.987500e+00 1.359448e-13
2.000000e+00 9.074973e-14
2.012500e+00 6.048390e-14
2.025000e+00 4.010922e-14
2.037500e+00 2.668106e-14
2.050000e+00 1.777340e-14
2.062500e+00 1.169234e-14
2.075000e+00 7.769851e-15
2.087500e+00 5.144383e-15
2.100000e+00 3.464723e-15
2.112500e+00 2.281073e-15
2.125000e+00 1.375361e-15
2.137500e+00 1.108936e-15
2.150000e+00 6.807787e-16
2.162500e+00 5.375317e-16
2.175000e+00 2.647704e-16
2.187500e+00 2.609071e-16
2.200000e+00 2.613535e-16
2.212500e+00 -1.827959e-26
2.225000e+00 -6.652969e-38
2.237500e+00 -2.421389e-49
2.250000e+00 -8.812794e-61
2.262500e+00 -3.207470e-72
2.275000e+00 -1.167379e-83
2.287500e+00 -4.248746e-95
2.300000e+00 -1.546357e-106
2.312500e+00 -5.628062e-118
2.325000e+00 -2.048368e-129
2.337500e+00 -7.455160e-141
2.350000e+00 -2.713351e-152
2.362500e+00 -9.875408e-164
2.375000e+00 -3.594215e-175
2.387500e+00 -1.308137e-186
2.400000e+00 -4.761044e-198
2.412500e+00 -1.732811e-209
2.425000e+00 -6.306673e-221
2.437500e+00 -2.295352e-232
2.450000e+00 -8.354075e-244
2.462500e+00 -3.040517e-255
2.475000e+00 -1.106615e-266
2.487500e+00 -4.027593e-278
2.500000e+00 -1.465867e-289
2.512500e+00 -5.335113e-301
2.525000e+00 -1.941747e-312
2.537500e+00 -4.940656e-324
2.550000e+00 0.000000e+00
2.562500e+00 0.000000e+00
2.575000e+00 0.000000e+00
2.587500e+00 0.000000e+00
2.600000e+00 0.000000e+00
2.612500e+00 0.000000e+00
2.625000e+00 0.000000e+00
2.637500e+00 0.000000e+00
2.650000e+00 0.000000e+00
2.662500e+00 0.000000e+00
2.675000e+00 0.000000e+00
2.687500e+00 0.000000e+00
2.700000e+00 0.000000e+00
2.712500e+00 0.000000e+00
2.725000e+00 0.000000e+00
2.737500e+00 0.000000e+00
2.750000e+00 0.000000e+00
2.762500e+00 0.000000e+00
2.775000e+00 0.000000e+00
2.787500e+00 0.000000e+00
2.800000e+00 0.000000e+00
2.812500e+00 0.000000e+00
2.825000e+00 0.000000e+00
2.837500e+00 0.000000e+00
2.850000e+00 0.000000e+00
2.862500e+00 0.000000e+00
2.875000e+00 0.000000e+00
2.887500e+00 0.000000e+00
2.900000e+00 0.000000e+00
2.912500e+00 0.000000e+00
2.925000e+00 0.000000e+00
2.937500e+00 0.000000e+00
2.950000e+00 0.000000e+00
2.962500e+00 0.000000e+00
2.975000e+00 0.000000e+00
2.987500e+00 0.000000e+00
3.000000e+00 0.000000e+00
3.012500e+00 0.000000e+00
3.025000e+00 0.000000e+00
3.037500e+00 0.000000e+00
3.050000e+00 0.000000e+00
3.062500e+00 0.000000e+00
3.075000e+00 0.000000e+00
3.087500e+00 0.000000e+00
3.100000e+00 0.000000e+00
3.112500e+00 0.000000e+00
3.125000e+00 0.000000e+00
3.137500e+00 0.000000e+00
3.150000e+00 0.000000e+00
3.162500e+00 0.000000e+00
3.175000e+00 0.000000e+00
3.187500e+00 0.000000e+00
3.200000e+00 0.000000e+00
3.212500e+00 0.000000e+00
3.225000e+00 0.000000e+00
3.237500e+00 0.000000e+00
3.250000e+00 0.000000e+00
3.262500e+00 0.000000e+00
3.275000e+00 0.000000e+00
3.287500e+00 0.000000e+00
3.300000e+00 0.000000e+00
3.312500e+00 0.000000e+00
3.325000e+00 0.000000e+00
3.337500e+00 0.000000e+00
3.350000e+00 0.000000e+00
3.362500e+00 0.000000e+00
3.375000e+00 0.000000e+00
3.387500e+00 0.000000e+00
3.400000e+00 0.000000e+00
3.412500e+00 0.000000e+00
3.425000e+00 0.000000e+00
3.437500e+00 0.000000e+00
3.450000e+00 0.000000e+00
3.462500e+00 0.000000e+00
3.475000e+00 0.000000e+00
3.487500e+00 0.000000e+00
3.500000e+00 0.000000e+00
3.512500e+00 0.000000e+00
3.525000e+00 0.000000e+00
3.537500e+00 0.000000e+00
3.550000e+00 0.000000e+00
3.562500e+00 0.000000e+00
3.575000e+00 0.000000e+00
3.587500e+00 0.000000e+00
3.600000e+00 0.000000e+00
3.612500e+00 0.000000e+00
3.625000e+00 0.000000e+00
3.637500e+00 0.000000e+00
3.650000e+00 0.000000e+00
3.662500e+00 0.000000e+00
3.675000e+00 0.000000e+00
3.687500e+00 0.000000e+00
3.700000e+00 0.000000e+00
3.712500e+00 0.000000e+00
3.725000e+00 0.000000e+00
3.737500e+00 0.000000e+00
3.750000e+00 0.000000e+00
3.762500e+00 0.000000e+00
3.775000e+00 0.000000e+00
3.787500e+00 0.000000e+00
3.800000e+00 0.000000e+00
3.812500e+00 0.000000e+00
3.825000e+00 0.000000e+00
3.837500e+00 0.000000e+00
3.850000e+00 0.000000e+00
3.862500e+00 0.000000e+00
3.875000e+00 0.000000e+00
3.887500e+00 0.000000e+00
3.900000e+00 0.000000e+00
3.912500e+00 0.000000e+00
3.925000e+00 0.000000e+00
3.937500e+00 0.000000e+00
3.950000e+00 0.000000e+00
3.962500e+00 0.000000e+00
3.975000e+00 0.000000e+00
3.987500e+00 0.000000e+00
