2.500000e-01 0.000000e+00
2.625000e-01 5.255408e-04
2.750000e-01 1.295997e-03
2.875000e-01 2.985535e-03
3.000000e-01 6.449294e-03
3.125000e-01 1.311102e-02
3.250000e-01 2.514460e-02
3.375000e-01 4.568862e-02
3.500000e-01 7.889954e-02
3.625000e-01 1.297460e-01
3.750000e-01 2.041922e-01
3.875000e-01 3.082116e-01
4.000000e-01 4.418006e-01
4.125000e-01 6.108140e-01
4.250000e-01 8.252286e-01
4.375000e-01 1.077579e+00
4.500000e-01 1.364704e+00
4.625000e-01 1.680147e+00
4.750000e-01 2.014689e+00
4.875000e-01 2.357325e+00
5.000000e-01 2.695970e+00
5.125000e-01 3.018266e+00
5.250000e-01 3.312342e+00
5.375000e-01 3.567456e+00
5.500000e-01 3.774506e+00
5.625000e-01 3.929331e+00
5.750000e-01 4.024570e+00
5.875000e-01 4.055783e+00
6.000000e-01 4.015021e+00
6.125000e-01 3.917903e+00
6.250000e-01 3.781177e+00
6.375000e-01 3.591407e+00
6.500000e-01 3.363874e+00
6.625000e-01 3.105236e+00
6.750000e-01 2.827504e+00
6.875000e-01 2.536154e+00
7.000000e-01 2.246219e+00
7.125000e-01 1.960373e+00
7.250000e-01 1.688778e+00
7.375000e-01 1.436327e+00
7.500000e-01 1.204602e+00
7.625000e-01 9.987013e-01
7.750000e-01 8.175253e-01
7.875000e-01 6.613774e-01
8.000000e-01 5.293809e-01
8.125000e-01 4.191495e-01
8.250000e-01 3.275468e-01
8.375000e-01 2.535910e-01
8.500000e-01 1.942427e-01
8.625000e-01 1.473558e-01
8.750000e-01 1.106684e-01
8.875000e-01 8.243705e-02
9.000000e-01 6.083412e-02
9.125000e-01 4.448753e-02
9.250000e-01 3.230024e-02
9.375000e-01 2.327314e-02
9.500000e-01 1.663345e-02
9.625000e-01 1.180496e-02
9.750000e-01 8.328056e-03
9.875000e-01 5.830486e-03
1.000000e+00 4.070470e-03
1.012500e+00 2.824987e-03
1.025000e+00 1.943268e-03
1.037500e+00 1.330133e-03
1.050000e+00 9.058653e-04
1.062500e+00 6.144238e-04
1.075000e+00 4.144905e-04
1.087500e+00 2.783889e-04
1.100000e+00 1.861982e-04
1.112500e+00 1.240446e-04
1.125000e+00 8.232821e-05
1.137500e+00 5.449242e-05
1.150000e+00 3.591702e-05
1.162500e+00 2.359883e-05
1.175000e+00 1.545787e-05
1.187500e+00 1.010177e-05
1.200000e+00 6.600940e-06
1.212500e+00 4.302763e-06
1.225000e+00 2.788354e-06
1.237500e+00 1.805336e-06
1.250000e+00 1.165537e-06
1.262500e+00 7.510316e-07
1.275000e+00 4.835031e-07
1.287500e+00 3.104892e-07
1.300000e+00 1.992580e-07
1.312500e+00 1.275833e-07
1.325000e+00 8.165823e-08
1.337500e+00 5.215665e-08
1.350000e+00 3.330778e-08
1.362500e+00 2.125067e-08
1.375000e+00 1.353333e-08
1.387500e+00 8.616580e-09
1.400000e+00 5.500100e-09
1.412500e+00 3.508614e-09
1.425000e+00 2.230101e-09
1.437500e+00 1.417419e-09
1.450000e+00 8.998008e-10
1.462500e+00 5.715836e-10
1.475000e+00 3.630241e-10
1.487500e+00 2.305380e-10
1.500000e+00 1.463965e-10
1.512500e+00 9.287839e-11
1.525000e+00 5.898598e-11
1.537500e+00 3.746638e-11
1.550000e+00 2.377973e-11
1.562500e+00 1.511163e-11
1.575000e+00 9.596301e-12
1.587500e+00 6.092638e-12
1.600000e+00 3.886115e-12
1.612500e+00 2.479579e-12
1.625000e+00 1.576338e-12
1.637500e+00 1.003388e-12
1.650000e+00 6.391988e-13
1.662500e+00 4.067733e-13
1.675000e+00 2.590147e-13
1.687500e+00 1.652895e-13
1.700000e+00 1.053971e-13
1.712500e+00 6.731257e-14
1.725000e+00 4.278381e-14
1.737500e+00 2.741392e-14
1.750000e+00 1.733222e-14
1.762500e+00 1.107867e-14
1.775000e+00 7.266495e-15
1.787500e+00 4.559930e-15
1.800000e+00 2.963148e-15
1.812500e+00 1.969958e-15
1.825000e+00 1.165658e-15
1.837500e+00 7.683762e-16
1.850000e+00 3.798613e-16
1.862500e+00 3.754156e-16
1.875000e+00 3.705341e-16
1.887500e+00 1.366640e-24
1.900000e+00 4.973970e-36
1.912500e+00 1.810307e-47
1.925000e+00 6.588723e-59
1.937500e+00 2.398006e-70
1.950000e+00 8.727690e-82
1.962500e+00 3.176496e-93
1.975000e+00 1.156105e-104
1.987500e+00 4.207716e-116
2.000000e+00 1.531424e-127
2.012500e+00 5.573712e-139
2.025000e+00 2.028587e-150
2.037500e+00 7.383166e-162
2.050000e+00 2.687149e-173
2.062500e+00 9.780043e-185
2.075000e+00 3.559507e-196
2.087500e+00 1.295504e-207
2.100000e+00 4.715067e-219
2.112500e+00 1.716078e-230
2.125000e+00 6.245770e-242
2.137500e+00 2.273186e-253
2.150000e+00 8.273402e-265
2.162500e+00 3.011155e-276
2.175000e+00 1.095928e-287
2.187500e+00 3.988699e-299
2.200000e+00 1.451711e-310
2.212500e+00 5.286502e-322
2.225000e+00 0.000000e+00
2.237500e+00 0.000000e+00
2.250000e+00 0.000000e+00
2.262500e+00 0.000000e+00
2.275000e+00 0.000000e+00
2.287500e+00 0.000000e+00
2.300000e+00 0.000000e+00
2.312500e+00 0.000000e+00
2.325000e+00 0.000000e+00
2.337500e+00 0.000000e+00
2.350000e+00 0.000000e+00
2.362500e+00 0.000000e+00
2.375000e+00 0.000000e+00
2.387500e+00 0.000000e+00
2.400000e+00 0.000000e+00
2.412500e+00 0.000000e+00
2.425000e+00 0.000000e+00
2.437500e+00 0.000000e+00
2.450000e+00 0.000000e+00
2.462500e+00 0.000000e+00
2.475000e+00 0.000000e+00
2.487500e+00 0.000000e+00
2.500000e+00 0.000000e+00
2.512500e+00 0.000000e+00
2.525000e+00 0.000000e+00
2.537500e+00 0.000000e+00
2.550000e+00 0.000000e+00
2.562500e+00 0.000000e+00
2.575000e+00 0.000000e+00
2.587500e+00 0.000000e+00
2.600000e+00 0.000000e+00
2.612500e+00 0.000000e+00
2.625000e+00 0.000000e+00
2.637500e+00 0.000000e+00
2.650000e+00 0.000000e+00
2.662500e+00 0.000000e+00
2.675000e+00 0.000000e+00
2.687500e+00 0.000000e+00
2.700000e+00 0.000000e+00
2.712500e+00 0.000000e+00
2.725000e+00 0.000000e+00
2.737500e+00 0.000000e+00
2.750000e+00 0.000000e+00
2.762500e+00 0.000000e+00
2.775000e+00 0.000000e+00
2.787500e+00 0.000000e+00
2.800000e+00 0.000000e+00
2.812500e+00 0.000000e+00
2.825000e+00 0.000000e+00
2.837500e+00 0.000000e+00
2.850000e+00 0.000000e+00
2.862500e+00 0.000000e+00
2.875000e+00 0.000000e+00
2.887500e+00 0.000000e+00
2.900000e+00 0.000000e+00
2.912500e+00 0.000000e+00
2.925000e+00 0.000000e+00
2.937500e+00 0.000000e+00
2.950000e+00 0.000000e+00
2.962500e+00 0.000000e+00
2.975000e+00 0.000000e+00
2.987500e+00 0.000000e+00
3.000000e+00 0.000000e+00
3.012500e+00 0.000000e+00
3.025000e+00 0.000000e+00
3.037500e+00 0.000000e+00
3.050000e+00 0.000000e+00
3.062500e+00 0.000000e+00
3.075000e+00 0.000000e+00
3.087500e+00 0.000000e+00
3.100000e+00 0.000000e+00
3.112500e+00 0.000000e+00
3.125000e+00 0.000000e+00
3.137500e+00 0.000000e+00
3.150000e+00 0.000000e+00
3.162500e+00 0.000000e+00
3.175000e+00 0.000000e+00
3.187500e+00 0.000000e+00
3.200000e+00 0.000000e+00
3.212500e+00 0.000000e+00
3.225000e+00 0.000000e+00
3.237500e+00 0.000000e+00
3.250000e+00 0.000000e+00
3.262500e+00 0.000000e+00
3.275000e+00 0.000000e+00
3.287500e+00 0.000000e+00
3.300000e+00 0.000000e+00
3.312500e+00 0.000000e+00
3.325000e+00 0.000000e+00
3.337500e+00 0.000000e+00
3.350000e+00 0.000000e+00
3.362500e+00 0.000000e+00
3.375000e+00 0.000000e+00
3.387500e+00 0.000000e+00
3.400000e+00 0.000000e+00
3.412500e+00 0.000000e+00
3.425000e+00 0.000000e+00
3.437500e+00 0.000000e+00
3.450000e+00 0.000000e+00
3.462500e+00 0.000000e+00
3.475000e+00 0.000000e+00
3.487500e+00 0.000000e+00
3.500000e+00 0.000000e+00
3.512500e+00 0.000000e+00
3.525000e+00 0.000000e+00
3.537500e+00 0.000000e+00
3.550000e+00 0.000000e+00
3.562500e+00 0.000000e+00
3.575000e+00 0.000000e+00
3.587500e+00 0.000000e+00
3.600000e+00 0.000000e+00
3.612500e+00 0.000000e+00
3.625000e+00 0.000000e+00
3.637500e+00 0.000000e+00
3.650000e+00 0.000000e+00
3.662500e+00 0.000000e+00
3.675000e+00 0.000000e+00
3.687500e+00 0.000000e+00
3.700000e+00 0.000000e+00
3.712500e+00 0.000000e+00
3.725000e+00 0.000000e+00
3.737500e+00 0.000000e+00
3.750000e+00 0.000000e+00
3.762500e+00 0.000000e+00
3.775000e+00 0.000000e+00
3.787500e+00 0.000000e+00
3.800000e+00 0.000000e+00
3.812500e+00 0.000000e+00
3.825000e+00 0.000000e+00
3.837500e+00 0.000000e+00
3.850000e+00 0.000000e+00
3.862500e+00 0.000000e+00
3.875000e+00 0.000000e+00
3.887500e+00 0.000000e+00
3.900000e+00 0.000000e+00
3.912500e+00 0.000000e+00
3.925000e+00 0.000000e+00
3.937500e+00 0.000000e+00
3.950000e+00 0.000000e+00
3.962500e+00 0.000000e+00
3.975000e+00 0.000000e+00
3.987500e+00 0.000000e+00
