0.000000e+00 6.666667e-03 1.333333e-02 5.020962e-03
1.333333e-02 2.000000e-02 2.666667e-02 1.984342e-02
2.666667e-02 3.333333e-02 4.000000e-02 3.716351e-02
4.000000e-02 4.666667e-02 5.333333e-02 5.576673e-02
5.333333e-02 6.000000e-02 6.666667e-02 7.509487e-02
6.666667e-02 7.333333e-02 8.000000e-02 9.481358e-02
8.000000e-02 8.666667e-02 9.333333e-02 1.146977e-01
9.333333e-02 1.000000e-01 1.066667e-01 1.345856e-01
1.066667e-01 1.133333e-01 1.200000e-01 1.543558e-01
1.200000e-01 1.266667e-01 1.333333e-01 1.739154e-01
1.333333e-01 1.400000e-01 1.466667e-01 1.931911e-01
1.466667e-01 1.533333e-01 1.600000e-01 2.121253e-01
1.600000e-01 1.666667e-01 1.733333e-01 2.306720e-01
1.733333e-01 1.800000e-01 1.866667e-01 2.487944e-01
1.866667e-01 1.933333e-01 2.000000e-01 2.664632e-01
2.000000e-01 2.066667e-01 2.133333e-01 2.836554e-01
2.133333e-01 2.200000e-01 2.266667e-01 3.003530e-01
2.266667e-01 2.333333e-01 2.400000e-01 3.165421e-01
2.400000e-01 2.466667e-01 2.533333e-01 3.322126e-01
2.533333e-01 2.600000e-01 2.666667e-01 3.473571e-01
2.666667e-01 2.733333e-01 2.800000e-01 3.619712e-01
2.800000e-01 2.866667e-01 2.933333e-01 3.760525e-01
2.933333e-01 3.000000e-01 3.066667e-01 3.896003e-01
3.066667e-01 3.133333e-01 3.200000e-01 4.026159e-01
3.200000e-01 3.266667e-01 3.333333e-01 4.151018e-01
3.333333e-01 3.400000e-01 3.466667e-01 4.270619e-01
3.466667e-01 3.533333e-01 3.600000e-01 4.385009e-01
3.600000e-01 3.666667e-01 3.733333e-01 4.494245e-01
3.733333e-01 3.800000e-01 3.866667e-01 4.598394e-01
3.866667e-01 3.933333e-01 4.000000e-01 4.697527e-01
4.000000e-01 4.066667e-01 4.133333e-01 4.791722e-01
4.133333e-01 4.200000e-01 4.266667e-01 4.881062e-01
4.266667e-01 4.333333e-01 4.400000e-01 4.965634e-01
4.400000e-01 4.466667e-01 4.533333e-01 5.045528e-01
4.533333e-01 4.600000e-01 4.666667e-01 5.120838e-01
4.666667e-01 4.733333e-01 4.800000e-01 5.191659e-01
4.800000e-01 4.866667e-01 4.933333e-01 5.258088e-01
4.933333e-01 5.000000e-01 5.066667e-01 5.320226e-01
5.066667e-01 5.133333e-01 5.200000e-01 5.378173e-01
5.200000e-01 5.266667e-01 5.333333e-01 5.432029e-01
5.333333e-01 5.400000e-01 5.466667e-01 5.481896e-01
5.466667e-01 5.533333e-01 5.600000e-01 5.527876e-01
5.600000e-01 5.666667e-01 5.733333e-01 5.570071e-01
5.733333e-01 5.800000e-01 5.866667e-01 5.608582e-01
5.866667e-01 5.933333e-01 6.000000e-01 5.643511e-01
6.000000e-01 6.066667e-01 6.133333e-01 5.674958e-01
6.133333e-01 6.200000e-01 6.266667e-01 5.703022e-01
6.266667e-01 6.333333e-01 6.400000e-01 5.727804e-01
6.400000e-01 6.466667e-01 6.533333e-01 5.749400e-01
6.533333e-01 6.600000e-01 6.666667e-01 5.767908e-01
6.666667e-01 6.733333e-01 6.800000e-01 5.783424e-01
6.800000e-01 6.866667e-01 6.933333e-01 5.796041e-01
6.933333e-01 7.000000e-01 7.066667e-01 5.805854e-01
7.066667e-01 7.133333e-01 7.200000e-01 5.812953e-01
7.200000e-01 7.266667e-01 7.333333e-01 5.817429e-01
7.333333e-01 7.400000e-01 7.466667e-01 5.819371e-01
7.466667e-01 7.533333e-01 7.600000e-01 5.818866e-01
7.600000e-01 7.666667e-01 7.733333e-01 5.815999e-01
7.733333e-01 7.800000e-01 7.866667e-01 5.810854e-01
7.866667e-01 7.933333e-01 8.000000e-01 5.803515e-01
8.000000e-01 8.066667e-01 8.133333e-01 5.794061e-01
8.133333e-01 8.200000e-01 8.266667e-01 5.782572e-01
8.266667e-01 8.333333e-01 8.400000e-01 5.769126e-01
8.400000e-01 8.466667e-01 8.533333e-01 5.753797e-01
8.533333e-01 8.600000e-01 8.666667e-01 5.736660e-01
8.666667e-01 8.733333e-01 8.800000e-01 5.717788e-01
8.800000e-01 8.866667e-01 8.933333e-01 5.697252e-01
8.933333e-01 9.000000e-01 9.066667e-01 5.675120e-01
9.066667e-01 9.133333e-01 9.200000e-01 5.651460e-01
9.200000e-01 9.266667e-01 9.333333e-01 5.626338e-01
9.333333e-01 9.400000e-01 9.466667e-01 5.599818e-01
9.466667e-01 9.533333e-01 9.600000e-01 5.571963e-01
9.600000e-01 9.666667e-01 9.733333e-01 5.542833e-01
9.733333e-01 9.800000e-01 9.866667e-01 5.512489e-01
9.866667e-01 9.933333e-01 1.000000e+00 5.480988e-01
1.000000e+00 1.006667e+00 1.013333e+00 5.448387e-01
1.013333e+00 1.020000e+00 1.026667e+00 5.414740e-01
1.026667e+00 1.033333e+00 1.040000e+00 5.380101e-01
1.040000e+00 1.046667e+00 1.053333e+00 5.344521e-01
1.053333e+00 1.060000e+00 1.066667e+00 5.308052e-01
1.066667e+00 1.073333e+00 1.080000e+00 5.270742e-01
1.080000e+00 1.086667e+00 1.093333e+00 5.232638e-01
1.093333e+00 1.100000e+00 1.106667e+00 5.193788e-01
1.106667e+00 1.113333e+00 1.120000e+00 5.154236e-01
1.120000e+00 1.126667e+00 1.133333e+00 5.114024e-01
1.133333e+00 1.140000e+00 1.146667e+00 5.073197e-01
1.146667e+00 1.153333e+00 1.160000e+00 5.031794e-01
1.160000e+00 1.166667e+00 1.173333e+00 4.989856e-01
1.173333e+00 1.180000e+00 1.186667e+00 4.947420e-01
1.186667e+00 1.193333e+00 1.200000e+00 4.904524e-01
1.200000e+00 1.206667e+00 1.213333e+00 4.861204e-01
1.213333e+00 1.220000e+00 1.226667e+00 4.817496e-01
1.226667e+00 1.233333e+00 1.240000e+00 4.773432e-01
1.240000e+00 1.246667e+00 1.253333e+00 4.729046e-01
1.253333e+00 1.260000e+00 1.266667e+00 4.684369e-01
1.266667e+00 1.273333e+00 1.280000e+00 4.639431e-01
1.280000e+00 1.286667e+00 1.293333e+00 4.594263e-01
1.293333e+00 1.300000e+00 1.306667e+00 4.548892e-01
1.306667e+00 1.313333e+00 1.320000e+00 4.503346e-01
1.320000e+00 1.326667e+00 1.333333e+00 4.457652e-01
1.333333e+00 1.340000e+00 1.346667e+00 4.411835e-01
1.346667e+00 1.353333e+00 1.360000e+00 4.365920e-01
1.360000e+00 1.366667e+00 1.373333e+00 4.319930e-01
1.373333e+00 1.380000e+00 1.386667e+00 4.273889e-01
1.386667e+00 1.393333e+00 1.400000e+00 4.227819e-01
1.400000e+00 1.406667e+00 1.413333e+00 4.181741e-01
1.413333e+00 1.420000e+00 1.426667e+00 4.135674e-01
1.426667e+00 1.433333e+00 1.440000e+00 4.089640e-01
1.440000e+00 1.446667e+00 1.453333e+00 4.043656e-01
1.453333e+00 1.460000e+00 1.466667e+00 3.997741e-01
1.466667e+00 1.473333e+00 1.480000e+00 3.951911e-01
1.480000e+00 1.486667e+00 1.493333e+00 3.906185e-01
1.493333e+00 1.500000e+00 1.506667e+00 3.860577e-01
1.506667e+00 1.513333e+00 1.520000e+00 3.815104e-01
1.520000e+00 1.526667e+00 1.533333e+00 3.769778e-01
1.533333e+00 1.540000e+00 1.546667e+00 3.724616e-01
1.546667e+00 1.553333e+00 1.560000e+00 3.679630e-01
1.560000e+00 1.566667e+00 1.573333e+00 3.634832e-01
1.573333e+00 1.580000e+00 1.586667e+00 3.590235e-01
1.586667e+00 1.593333e+00 1.600000e+00 3.545851e-01
1.600000e+00 1.606667e+00 1.613333e+00 3.501691e-01
1.613333e+00 1.620000e+00 1.626667e+00 3.457765e-01
1.626667e+00 1.633333e+00 1.640000e+00 3.414083e-01
1.640000e+00 1.646667e+00 1.653333e+00 3.370655e-01
1.653333e+00 1.660000e+00 1.666667e+00 3.327489e-01
1.666667e+00 1.673333e+00 1.680000e+00 3.284596e-01
1.680000e+00 1.686667e+00 1.693333e+00 3.241982e-01
1.693333e+00 1.700000e+00 1.706667e+00 3.199655e-01
1.706667e+00 1.713333e+00 1.720000e+00 3.157622e-01
1.720000e+00 1.726667e+00 1.733333e+00 3.115891e-01
1.733333e+00 1.740000e+00 1.746667e+00 3.074467e-01
1.746667e+00 1.753333e+00 1.760000e+00 3.033357e-01
1.760000e+00 1.766667e+00 1.773333e+00 2.992567e-01
1.773333e+00 1.780000e+00 1.786667e+00 2.952101e-01
1.786667e+00 1.793333e+00 1.800000e+00 2.911965e-01
1.800000e+00 1.806667e+00 1.813333e+00 2.872163e-01
1.813333e+00 1.820000e+00 1.826667e+00 2.832699e-01
1.826667e+00 1.833333e+00 1.840000e+00 2.793577e-01
1.840000e+00 1.846667e+00 1.853333e+00 2.754802e-01
1.853333e+00 1.860000e+00 1.866667e+00 2.716376e-01
1.866667e+00 1.873333e+00 1.880000e+00 2.678302e-01
1.880000e+00 1.886667e+00 1.893333e+00 2.640583e-01
1.893333e+00 1.900000e+00 1.906667e+00 2.603221e-01
1.906667e+00 1.913333e+00 1.920000e+00 2.566220e-01
1.920000e+00 1.926667e+00 1.933333e+00 2.529580e-01
1.933333e+00 1.940000e+00 1.946667e+00 2.493304e-01
1.946667e+00 1.953333e+00 1.960000e+00 2.457392e-01
1.960000e+00 1.966667e+00 1.973333e+00 2.421847e-01
1.973333e+00 1.980000e+00 1.986667e+00 2.386669e-01
1.986667e+00 1.993333e+00 2.000000e+00 2.351859e-01
2.000000e+00 2.006667e+00 2.013333e+00 2.317419e-01
2.013333e+00 2.020000e+00 2.026667e+00 2.283347e-01
2.026667e+00 2.033333e+00 2.040000e+00 2.249645e-01
2.040000e+00 2.046667e+00 2.053333e+00 2.216312e-01
2.053333e+00 2.060000e+00 2.066667e+00 2.183350e-01
2.066667e+00 2.073333e+00 2.080000e+00 2.150756e-01
2.080000e+00 2.086667e+00 2.093333e+00 2.118532e-01
2.093333e+00 2.100000e+00 2.106667e+00 2.086676e-01
2.106667e+00 2.113333e+00 2.120000e+00 2.055187e-01
2.120000e+00 2.126667e+00 2.133333e+00 2.024066e-01
2.133333e+00 2.140000e+00 2.146667e+00 1.993310e-01
2.146667e+00 2.153333e+00 2.160000e+00 1.962919e-01
2.160000e+00 2.166667e+00 2.173333e+00 1.932892e-01
2.173333e+00 2.180000e+00 2.186667e+00 1.903228e-01
2.186667e+00 2.193333e+00 2.200000e+00 1.873924e-01
2.200000e+00 2.206667e+00 2.213333e+00 1.844980e-01
2.213333e+00 2.220000e+00 2.226667e+00 1.816393e-01
2.226667e+00 2.233333e+00 2.240000e+00 1.788162e-01
2.240000e+00 2.246667e+00 2.253333e+00 1.760286e-01
2.253333e+00 2.260000e+00 2.266667e+00 1.732762e-01
2.266667e+00 2.273333e+00 2.280000e+00 1.705588e-01
2.280000e+00 2.286667e+00 2.293333e+00 1.678762e-01
2.293333e+00 2.300000e+00 2.306667e+00 1.652283e-01
2.306667e+00 2.313333e+00 2.320000e+00 1.626147e-01
2.320000e+00 2.326667e+00 2.333333e+00 1.600353e-01
2.333333e+00 2.340000e+00 2.346667e+00 1.574898e-01
2.346667e+00 2.353333e+00 2.360000e+00 1.549780e-01
2.360000e+00 2.366667e+00 2.373333e+00 1.524996e-01
2.373333e+00 2.380000e+00 2.386667e+00 1.500545e-01
2.386667e+00 2.393333e+00 2.400000e+00 1.476422e-01
2.400000e+00 2.406667e+00 2.413333e+00 1.452627e-01
2.413333e+00 2.420000e+00 2.426667e+00 1.429155e-01
2.426667e+00 2.433333e+00 2.440000e+00 1.406005e-01
2.440000e+00 2.446667e+00 2.453333e+00 1.383174e-01
2.453333e+00 2.460000e+00 2.466667e+00 1.360659e-01
2.466667e+00 2.473333e+00 2.480000e+00 1.338457e-01
2.480000e+00 2.486667e+00 2.493333e+00 1.316565e-01
2.493333e+00 2.500000e+00 2.506667e+00 1.294981e-01
2.506667e+00 2.513333e+00 2.520000e+00 1.273701e-01
2.520000e+00 2.526667e+00 2.533333e+00 1.252723e-01
2.533333e+00 2.540000e+00 2.546667e+00 1.232044e-01
2.546667e+00 2.553333e+00 2.560000e+00 1.211661e-01
2.560000e+00 2.566667e+00 2.573333e+00 1.191572e-01
2.573333e+00 2.580000e+00 2.586667e+00 1.171772e-01
2.586667e+00 2.593333e+00 2.600000e+00 1.152259e-01
2.600000e+00 2.606667e+00 2.613333e+00 1.133031e-01
2.613333e+00 2.620000e+00 2.626667e+00 1.114083e-01
2.626667e+00 2.633333e+00 2.640000e+00 1.095414e-01
2.640000e+00 2.646667e+00 2.653333e+00 1.077021e-01
2.653333e+00 2.660000e+00 2.666667e+00 1.058899e-01
2.666667e+00 2.673333e+00 2.680000e+00 1.041047e-01
2.680000e+00 2.686667e+00 2.693333e+00 1.023461e-01
2.693333e+00 2.700000e+00 2.706667e+00 1.006138e-01
2.706667e+00 2.713333e+00 2.720000e+00 9.890754e-02
2.720000e+00 2.726667e+00 2.733333e+00 9.722702e-02
2.733333e+00 2.740000e+00 2.746667e+00 9.557193e-02
2.746667e+00 2.753333e+00 2.760000e+00 9.394198e-02
2.760000e+00 2.766667e+00 2.773333e+00 9.233687e-02
2.773333e+00 2.780000e+00 2.786667e+00 9.075630e-02
2.786667e+00 2.793333e+00 2.800000e+00 8.919998e-02
2.800000e+00 2.806667e+00 2.813333e+00 8.766762e-02
2.813333e+00 2.820000e+00 2.826667e+00 8.615892e-02
2.826667e+00 2.833333e+00 2.840000e+00 8.467359e-02
2.840000e+00 2.846667e+00 2.853333e+00 8.321134e-02
2.853333e+00 2.860000e+00 2.866667e+00 8.177189e-02
2.866667e+00 2.873333e+00 2.880000e+00 8.035495e-02
2.880000e+00 2.886667e+00 2.893333e+00 7.896023e-02
2.893333e+00 2.900000e+00 2.906667e+00 7.758744e-02
2.906667e+00 2.913333e+00 2.920000e+00 7.623632e-02
2.920000e+00 2.926667e+00 2.933333e+00 7.490657e-02
2.933333e+00 2.940000e+00 2.946667e+00 7.359791e-02
2.946667e+00 2.953333e+00 2.960000e+00 7.231008e-02
2.960000e+00 2.966667e+00 2.973333e+00 7.104279e-02
2.973333e+00 2.980000e+00 2.986667e+00 6.979578e-02
2.986667e+00 2.993333e+00 3.000000e+00 6.856876e-02
3.000000e+00 3.006667e+00 3.013333e+00 6.736148e-02
3.013333e+00 3.020000e+00 3.026667e+00 6.617367e-02
3.026667e+00 3.033333e+00 3.040000e+00 6.500506e-02
3.040000e+00 3.046667e+00 3.053333e+00 6.385539e-02
3.053333e+00 3.060000e+00 3.066667e+00 6.272439e-02
3.066667e+00 3.073333e+00 3.080000e+00 6.161182e-02
3.080000e+00 3.086667e+00 3.093333e+00 6.051741e-02
3.093333e+00 3.100000e+00 3.106667e+00 5.944091e-02
3.106667e+00 3.113333e+00 3.120000e+00 5.838207e-02
3.120000e+00 3.126667e+00 3.133333e+00 5.734064e-02
3.133333e+00 3.140000e+00 3.146667e+00 5.631638e-02
3.146667e+00 3.153333e+00 3.160000e+00 5.530904e-02
3.160000e+00 3.166667e+00 3.173333e+00 5.431837e-02
3.173333e+00 3.180000e+00 3.186667e+00 5.334414e-02
3.186667e+00 3.193333e+00 3.200000e+00 5.238611e-02
3.200000e+00 3.206667e+00 3.213333e+00 5.144405e-02
3.213333e+00 3.220000e+00 3.226667e+00 5.051772e-02
3.226667e+00 3.233333e+00 3.240000e+00 4.960690e-02
3.240000e+00 3.246667e+00 3.253333e+00 4.871135e-02
3.253333e+00 3.260000e+00 3.266667e+00 4.783085e-02
3.266667e+00 3.273333e+00 3.280000e+00 4.696518e-02
3.280000e+00 3.286667e+00 3.293333e+00 4.611412e-02
3.293333e+00 3.300000e+00 3.306667e+00 4.527744e-02
3.306667e+00 3.313333e+00 3.320000e+00 4.445494e-02
3.320000e+00 3.326667e+00 3.333333e+00 4.364641e-02
3.333333e+00 3.340000e+00 3.346667e+00 4.285162e-02
3.346667e+00 3.353333e+00 3.360000e+00 4.207037e-02
3.360000e+00 3.366667e+00 3.373333e+00 4.130247e-02
3.373333e+00 3.380000e+00 3.386667e+00 4.054769e-02
3.386667e+00 3.393333e+00 3.400000e+00 3.980585e-02
3.400000e+00 3.406667e+00 3.413333e+00 3.907674e-02
3.413333e+00 3.420000e+00 3.426667e+00 3.836017e-02
3.426667e+00 3.433333e+00 3.440000e+00 3.765595e-02
3.440000e+00 3.446667e+00 3.453333e+00 3.696388e-02
3.453333e+00 3.460000e+00 3.466667e+00 3.628377e-02
3.466667e+00 3.473333e+00 3.480000e+00 3.561544e-02
3.480000e+00 3.486667e+00 3.493333e+00 3.495870e-02
3.493333e+00 3.500000e+00 3.506667e+00 3.431337e-02
3.506667e+00 3.513333e+00 3.520000e+00 3.367928e-02
3.520000e+00 3.526667e+00 3.533333e+00 3.305624e-02
3.533333e+00 3.540000e+00 3.546667e+00 3.244407e-02
3.546667e+00 3.553333e+00 3.560000e+00 3.184262e-02
3.560000e+00 3.566667e+00 3.573333e+00 3.125170e-02
3.573333e+00 3.580000e+00 3.586667e+00 3.067115e-02
3.586667e+00 3.593333e+00 3.600000e+00 3.010080e-02
3.600000e+00 3.606667e+00 3.613333e+00 2.954049e-02
3.613333e+00 3.620000e+00 3.626667e+00 2.899005e-02
3.626667e+00 3.633333e+00 3.640000e+00 2.844933e-02
3.640000e+00 3.646667e+00 3.653333e+00 2.791817e-02
3.653333e+00 3.660000e+00 3.666667e+00 2.739642e-02
3.666667e+00 3.673333e+00 3.680000e+00 2.688392e-02
3.680000e+00 3.686667e+00 3.693333e+00 2.638051e-02
3.693333e+00 3.700000e+00 3.706667e+00 2.588607e-02
3.706667e+00 3.713333e+00 3.720000e+00 2.540042e-02
3.720000e+00 3.726667e+00 3.733333e+00 2.492344e-02
3.733333e+00 3.740000e+00 3.746667e+00 2.445497e-02
3.746667e+00 3.753333e+00 3.760000e+00 2.399489e-02
3.760000e+00 3.766667e+00 3.773333e+00 2.354304e-02
3.773333e+00 3.780000e+00 3.786667e+00 2.309930e-02
3.786667e+00 3.793333e+00 3.800000e+00 2.266352e-02
3.800000e+00 3.806667e+00 3.813333e+00 2.223558e-02
3.813333e+00 3.820000e+00 3.826667e+00 2.181534e-02
3.826667e+00 3.833333e+00 3.840000e+00 2.140268e-02
3.840000e+00 3.846667e+00 3.853333e+00 2.099747e-02
3.853333e+00 3.860000e+00 3.866667e+00 2.059958e-02
3.866667e+00 3.873333e+00 3.880000e+00 2.020889e-02
3.880000e+00 3.886667e+00 3.893333e+00 1.982529e-02
3.893333e+00 3.900000e+00 3.906667e+00 1.944864e-02
3.906667e+00 3.913333e+00 3.920000e+00 1.907883e-02
3.920000e+00 3.926667e+00 3.933333e+00 1.871575e-02
3.933333e+00 3.940000e+00 3.946667e+00 1.835928e-02
3.946667e+00 3.953333e+00 3.960000e+00 1.800931e-02
3.960000e+00 3.966667e+00 3.973333e+00 1.766573e-02
3.973333e+00 3.980000e+00 3.986667e+00 1.732842e-02
3.986667e+00 3.993333e+00 4.000000e+00 1.699729e-02
