2.500000e-01 0.000000e+00
2.625000e-01 0.000000e+00
2.750000e-01 0.000000e+00
2.875000e-01 0.000000e+00
3.000000e-01 0.000000e+00
3.125000e-01 -1.090614e-314
3.250000e-01 -2.996554e-303
3.375000e-01 -8.233283e-292
3.500000e-01 -2.262163e-280
3.625000e-01 -6.215484e-269
3.750000e-01 -1.707756e-257
3.875000e-01 -4.692203e-246
4.000000e-01 -1.289222e-234
4.125000e-01 -3.542246e-223
4.250000e-01 -9.732618e-212
4.375000e-01 -2.674118e-200
4.500000e-01 -7.347364e-189
4.625000e-01 -2.018750e-177
4.750000e-01 -5.546685e-166
4.875000e-01 -1.523998e-154
5.000000e-01 -4.187313e-143
5.125000e-01 -1.150499e-131
5.250000e-01 -3.161093e-120
5.375000e-01 -8.685368e-109
5.500000e-01 -2.386378e-97
5.625000e-01 -6.556773e-86
5.750000e-01 -1.801528e-74
5.875000e-01 -4.949850e-63
6.000000e-01 -1.360013e-51
6.125000e-01 -3.736749e-40
6.250000e-01 -1.026703e-28
6.375000e-01 -2.820953e-17
6.500000e-01 8.712128e-16
6.625000e-01 4.415224e-15
6.750000e-01 2.276890e-14
6.875000e-01 1.126852e-13
7.000000e-01 5.237009e-13
7.125000e-01 2.285953e-12
7.250000e-01 9.393030e-12
7.375000e-01 3.644142e-11
7.500000e-01 1.336507e-10
7.625000e-01 4.642989e-10
7.750000e-01 1.533065e-09
7.875000e-01 4.812095e-09
8.000000e-01 1.440635e-08
8.125000e-01 4.118494e-08
8.250000e-01 1.124118e-07
8.375000e-01 2.939417e-07
8.500000e-01 7.367724e-07
8.625000e-01 1.774089e-06
8.750000e-01 4.109628e-06
8.875000e-01 9.170676e-06
9.000000e-01 1.972408e-05
9.125000e-01 4.097082e-05
9.250000e-01 8.229299e-05
9.375000e-01 1.600186e-04
9.500000e-01 3.015707e-04
9.625000e-01 5.514415e-04
9.750000e-01 9.785559e-04
9.875000e-01 1.689164e-03
1.000000e+00 2.845653e-03
1.012500e+00 4.670889e-03
1.025000e+00 7.447131e-03
1.037500e+00 1.160250e-02
1.050000e+00 1.765822e-02
1.062500e+00 2.625145e-02
1.075000e+00 3.821659e-02
1.087500e+00 5.447894e-02
1.100000e+00 7.610595e-02
1.112500e+00 1.042670e-01
1.125000e+00 1.400751e-01
1.137500e+00 1.849698e-01
1.150000e+00 2.400469e-01
1.162500e+00 3.063657e-01
1.175000e+00 3.850898e-01
1.187500e+00 4.760371e-01
1.200000e+00 5.815279e-01
1.212500e+00 7.003570e-01
1.225000e+00 8.294615e-01
1.237500e+00 9.707152e-01
1.250000e+00 1.120787e+00
1.262500e+00 1.279492e+00
1.275000e+00 1.442371e+00
1.287500e+00 1.609158e+00
1.300000e+00 1.775820e+00
1.312500e+00 1.937568e+00
1.325000e+00 2.094631e+00
1.337500e+00 2.242386e+00
1.350000e+00 2.380099e+00
1.362500e+00 2.500970e+00
1.375000e+00 2.604580e+00
1.387500e+00 2.690991e+00
1.400000e+00 2.760937e+00
1.412500e+00 2.809572e+00
1.425000e+00 2.832144e+00
1.437500e+00 2.833282e+00
1.450000e+00 2.810280e+00
1.462500e+00 2.769142e+00
1.475000e+00 2.708594e+00
1.487500e+00 2.630296e+00
1.500000e+00 2.536201e+00
1.512500e+00 2.428483e+00
1.525000e+00 2.307286e+00
1.537500e+00 2.179467e+00
1.550000e+00 2.045136e+00
1.562500e+00 1.904837e+00
1.575000e+00 1.762751e+00
1.587500e+00 1.620496e+00
1.600000e+00 1.484491e+00
1.612500e+00 1.351659e+00
1.625000e+00 1.220136e+00
1.637500e+00 1.095322e+00
1.650000e+00 9.767292e-01
1.662500e+00 8.660538e-01
1.675000e+00 7.636749e-01
1.687500e+00 6.690865e-01
1.700000e+00 5.836750e-01
1.712500e+00 5.055053e-01
1.725000e+00 4.360042e-01
1.737500e+00 3.738010e-01
1.750000e+00 3.189010e-01
1.762500e+00 2.704884e-01
1.775000e+00 2.283245e-01
1.787500e+00 1.914898e-01
1.800000e+00 1.609367e-01
1.812500e+00 1.346809e-01
1.825000e+00 1.113502e-01
1.837500e+00 9.175373e-02
1.850000e+00 7.530383e-02
1.862500e+00 6.148474e-02
1.875000e+00 5.000371e-02
1.887500e+00 4.046394e-02
1.900000e+00 3.265772e-02
1.912500e+00 2.623022e-02
1.925000e+00 2.096689e-02
1.937500e+00 1.672019e-02
1.950000e+00 1.328774e-02
1.962500e+00 1.051202e-02
1.975000e+00 8.287002e-03
1.987500e+00 6.511783e-03
2.000000e+00 5.153007e-03
2.012500e+00 4.066248e-03
2.025000e+00 3.162339e-03
2.037500e+00 2.458957e-03
2.050000e+00 1.904391e-03
2.062500e+00 1.472759e-03
2.075000e+00 1.135915e-03
2.087500e+00 8.738244e-04
2.100000e+00 6.704921e-04
2.112500e+00 5.139577e-04
2.125000e+00 3.930309e-04
2.137500e+00 2.998588e-04
2.150000e+00 2.286121e-04
2.162500e+00 1.739264e-04
2.175000e+00 1.320184e-04
2.187500e+00 1.000440e-04
2.200000e+00 7.651815e-05
2.212500e+00 5.840956e-05
2.225000e+00 4.410540e-05
2.237500e+00 3.328328e-05
2.250000e+00 2.512126e-05
2.262500e+00 1.893012e-05
2.275000e+00 1.426812e-05
2.287500e+00 1.073870e-05
2.300000e+00 8.085571e-06
2.312500e+00 6.079923e-06
2.325000e+00 4.565984e-06
2.337500e+00 3.424831e-06
2.350000e+00 2.570634e-06
2.362500e+00 1.927401e-06
2.375000e+00 1.443456e-06
2.387500e+00 1.081489e-06
2.400000e+00 8.119834e-07
2.412500e+00 6.090618e-07
2.425000e+00 4.551012e-07
2.437500e+00 3.392707e-07
2.450000e+00 2.532274e-07
2.462500e+00 1.888596e-07
2.475000e+00 1.404740e-07
2.487500e+00 1.046185e-07
2.500000e+00 7.786421e-08
2.512500e+00 5.779919e-08
2.525000e+00 4.296572e-08
2.537500e+00 3.185606e-08
2.550000e+00 2.365466e-08
2.562500e+00 1.752004e-08
2.575000e+00 1.296865e-08
2.587500e+00 9.565844e-09
2.600000e+00 7.112931e-09
2.612500e+00 5.286709e-09
2.625000e+00 3.894935e-09
2.637500e+00 2.870927e-09
2.650000e+00 2.110931e-09
2.662500e+00 1.554908e-09
2.675000e+00 1.142372e-09
2.687500e+00 8.389737e-10
2.700000e+00 6.159354e-10
2.712500e+00 4.509696e-10
2.725000e+00 3.308518e-10
2.737500e+00 2.420613e-10
2.750000e+00 1.770326e-10
2.762500e+00 1.294340e-10
2.775000e+00 9.457948e-11
2.787500e+00 6.897833e-11
2.800000e+00 5.094765e-11
2.812500e+00 3.762276e-11
2.825000e+00 2.742316e-11
2.837500e+00 1.995702e-11
2.850000e+00 1.456229e-11
2.862500e+00 1.062189e-11
2.875000e+00 7.722681e-12
2.887500e+00 5.629261e-12
2.900000e+00 4.089357e-12
2.912500e+00 2.978783e-12
2.925000e+00 2.162007e-12
2.937500e+00 1.573749e-12
2.950000e+00 1.141089e-12
2.962500e+00 8.300034e-13
2.975000e+00 6.033688e-13
2.987500e+00 4.374255e-13
3.000000e+00 3.228287e-13
3.012500e+00 2.382359e-13
3.025000e+00 1.726193e-13
3.037500e+00 1.253160e-13
3.050000e+00 9.095009e-14
3.062500e+00 6.623096e-14
3.075000e+00 4.797401e-14
3.087500e+00 3.493124e-14
3.100000e+00 2.541100e-14
3.112500e+00 1.840105e-14
3.125000e+00 1.337480e-14
3.137500e+00 9.682551e-15
3.150000e+00 7.088030e-15
3.162500e+00 5.102812e-15
3.175000e+00 3.718879e-15
3.187500e+00 2.725219e-15
3.200000e+00 2.006198e-15
3.212500e+00 1.501213e-15
3.225000e+00 1.080786e-15
3.237500e+00 7.720094e-16
3.250000e+00 5.360108e-16
3.262500e+00 3.958356e-16
3.275000e+00 3.173924e-16
3.287500e+00 2.514755e-16
3.300000e+00 1.774912e-16
3.312500e+00 1.139575e-16
3.325000e+00 1.160284e-16
3.337500e+00 5.306411e-17
3.350000e+00 5.132348e-17
3.362500e+00 4.958793e-17
3.375000e+00 -4.820038e-18
3.387500e+00 -1.754283e-29
3.400000e+00 -6.384819e-41
3.412500e+00 -2.323794e-52
3.425000e+00 -8.457591e-64
3.437500e+00 -3.078192e-75
3.450000e+00 -1.120327e-86
3.462500e+00 -4.077499e-98
3.475000e+00 -1.484031e-109
3.487500e+00 -5.401221e-121
3.500000e+00 -1.965807e-132
3.512500e+00 -7.154677e-144
3.525000e+00 -2.603989e-155
3.537500e+00 -9.477376e-167
3.550000e+00 -3.449349e-178
3.562500e+00 -1.255412e-189
3.575000e+00 -4.569148e-201
3.587500e+00 -1.662970e-212
3.600000e+00 -6.052480e-224
3.612500e+00 -2.202837e-235
3.625000e+00 -8.017362e-247
3.637500e+00 -2.917968e-258
3.650000e+00 -1.062012e-269
3.662500e+00 -3.865259e-281
3.675000e+00 -1.406785e-292
3.687500e+00 -5.120080e-304
3.700000e+00 -1.863484e-315
3.712500e+00 0.000000e+00
3.725000e+00 0.000000e+00
3.737500e+00 0.000000e+00
3.750000e+00 0.000000e+00
3.762500e+00 0.000000e+00
3.775000e+00 0.000000e+00
3.787500e+00 0.000000e+00
3.800000e+00 0.000000e+00
3.812500e+00 0.000000e+00
3.825000e+00 0.000000e+00
3.837500e+00 0.000000e+00
3.850000e+00 0.000000e+00
3.862500e+00 0.000000e+00
3.875000e+00 0.000000e+00
3.887500e+00 0.000000e+00
3.900000e+00 0.000000e+00
3.912500e+00 0.000000e+00
3.925000e+00 0.000000e+00
3.937500e+00 0.000000e+00
3.950000e+00 0.000000e+00
3.962500e+00 0.000000e+00
3.975000e+00 0.000000e+00
3.987500e+00 0.000000e+00
