0.000000e+00 0.000000e+00
1.333333e-02 -1.537923e-42
2.666667e-02 -2.416736e-42
4.000000e-02 1.067758e-41
5.333333e-02 -1.340190e-41
6.666667e-02 -3.009935e-41
8.000000e-02 1.459269e-40
9.333333e-02 -1.860887e-40
1.066667e-01 -4.189742e-40
1.200000e-01 2.032300e-39
1.333333e-01 -2.591840e-39
1.466667e-01 -5.835540e-39
1.600000e-01 2.830627e-38
1.733333e-01 -3.609967e-38
1.866667e-01 -8.127858e-38
2.000000e-01 3.942554e-37
2.133333e-01 -5.028035e-37
2.266667e-01 -1.132065e-36
2.400000e-01 5.491270e-36
2.533333e-01 -7.003150e-36
2.666667e-01 -1.576763e-35
2.800000e-01 7.648352e-35
2.933333e-01 -9.754129e-35
3.066667e-01 -2.196147e-34
3.200000e-01 1.065278e-33
3.333333e-01 -1.358575e-33
3.466667e-01 -3.058838e-33
3.600000e-01 1.483741e-32
3.733333e-01 -1.892251e-32
3.866667e-01 -4.260412e-32
4.000000e-01 2.066584e-31
4.133333e-01 -2.635565e-31
4.266667e-01 -5.933988e-31
4.400000e-01 2.878381e-30
4.533333e-01 -3.670869e-30
4.666667e-01 -8.264979e-30
4.800000e-01 4.009067e-29
4.933333e-01 -5.112861e-29
5.066667e-01 -1.151163e-28
5.200000e-01 5.583910e-28
5.333333e-01 -7.121297e-28
5.466667e-01 -1.603363e-27
5.600000e-01 7.777384e-27
5.733333e-01 -9.918687e-27
5.866667e-01 -2.233197e-26
6.000000e-01 1.083250e-25
6.133333e-01 -1.381495e-25
6.266667e-01 -3.110442e-25
6.400000e-01 1.508772e-24
6.533333e-01 -1.924174e-24
6.666667e-01 -4.332287e-24
6.800000e-01 2.101449e-23
6.933333e-01 -2.680029e-23
7.066667e-01 -6.034098e-23
7.200000e-01 2.926941e-22
7.333333e-01 -3.732799e-22
7.466667e-01 -8.404414e-22
7.600000e-01 4.076702e-21
7.733333e-01 -5.199118e-21
7.866667e-01 -1.170584e-20
8.000000e-01 5.678114e-20
8.133333e-01 -7.241437e-20
8.266667e-01 -1.630413e-19
8.400000e-01 7.908593e-19
8.533333e-01 -1.008602e-18
8.666667e-01 -2.270872e-18
8.800000e-01 1.101525e-17
8.933333e-01 -1.404801e-17
9.066667e-01 -3.162917e-17
9.200000e-01 1.534226e-16
9.333333e-01 -1.956636e-16
9.466667e-01 -4.405375e-16
9.600000e-01 2.136901e-15
9.733333e-01 -2.725242e-15
9.866667e-01 -6.135896e-15
1.000000e+00 2.976320e-14
1.013333e+00 -3.795773e-14
1.026667e+00 -8.546201e-14
1.040000e+00 4.145479e-13
1.053333e+00 -5.286830e-13
1.066667e+00 -1.190332e-12
1.080000e+00 5.773907e-12
1.093333e+00 -7.363604e-12
1.106667e+00 -1.657919e-11
1.120000e+00 8.042015e-11
1.133333e+00 -1.025618e-10
1.146667e+00 -2.309183e-10
1.160000e+00 1.120108e-09
1.173333e+00 -1.428501e-09
1.186667e+00 -3.216277e-09
1.200000e+00 1.560109e-08
1.213333e+00 -1.989645e-08
1.226667e+00 -4.479696e-08
1.240000e+00 2.172952e-07
1.253333e+00 -2.771219e-07
1.266667e+00 -6.239412e-07
1.280000e+00 3.026532e-06
1.293333e+00 -3.859810e-06
1.306667e+00 -8.690380e-06
1.320000e+00 4.215415e-05
1.333333e+00 -5.376021e-05
1.346667e+00 -1.210414e-04
1.360000e+00 5.871316e-04
1.373333e+00 -7.487832e-04
1.386667e+00 -1.685889e-03
1.400000e+00 8.177688e-03
1.413333e+00 -1.042920e-02
1.426667e+00 -2.348140e-02
1.440000e+00 1.139005e-01
1.453333e+00 -1.452601e-01
1.466667e+00 -3.270538e-01
1.480000e+00 2.115288e+00
1.493333e+00 4.558136e+00
1.506667e+00 4.376558e+00
1.520000e+00 4.114928e+00
1.533333e+00 4.256936e+00
1.546667e+00 4.247119e+00
1.560000e+00 4.194443e+00
1.573333e+00 4.268574e+00
1.586667e+00 4.312717e+00
1.600000e+00 3.705757e+00
1.613333e+00 3.100952e+00
1.626667e+00 3.146012e+00
1.640000e+00 3.209644e+00
1.653333e+00 3.176635e+00
1.666667e+00 3.180571e+00
1.680000e+00 3.177760e+00
1.693333e+00 3.189312e+00
1.706667e+00 3.199361e+00
1.720000e+00 3.096363e+00
1.733333e+00 3.291111e+00
1.746667e+00 3.427860e+00
1.760000e+00 1.590953e+00
1.773333e+00 -2.459903e-01
1.786667e+00 -1.092560e-01
1.800000e+00 8.566917e-02
1.813333e+00 -1.766131e-02
1.826667e+00 -7.844226e-03
1.840000e+00 6.150769e-03
1.853333e+00 -1.268025e-03
1.866667e+00 -5.631901e-04
1.880000e+00 4.416054e-04
1.893333e+00 -9.104011e-05
1.906667e+00 -4.043523e-05
1.920000e+00 3.170584e-05
1.933333e+00 -6.536386e-06
1.946667e+00 -2.903119e-06
1.960000e+00 2.276377e-06
1.973333e+00 -4.692914e-07
1.986667e+00 -2.084345e-07
2.000000e+00 1.634365e-07
2.013333e+00 -3.369360e-08
2.026667e+00 -1.496493e-08
2.040000e+00 1.173421e-08
2.053333e+00 -2.419092e-09
2.066667e+00 -1.074433e-09
2.080000e+00 8.424786e-10
2.093333e+00 -1.736830e-10
2.106667e+00 -7.714085e-11
2.120000e+00 6.048724e-11
2.133333e+00 -1.246988e-11
2.146667e+00 -5.538464e-12
2.160000e+00 4.342788e-12
2.173333e+00 -8.952969e-13
2.186667e+00 -3.976438e-13
2.200000e+00 3.117982e-13
2.213333e+00 -6.427943e-14
2.226667e+00 -2.854954e-14
2.240000e+00 2.238610e-14
2.253333e+00 -4.615055e-15
2.266667e+00 -2.049765e-15
2.280000e+00 1.607250e-15
2.293333e+00 -3.313461e-16
2.306667e+00 -1.471665e-16
2.320000e+00 1.153953e-16
2.333333e+00 -2.378958e-17
2.346667e+00 -1.056608e-17
2.360000e+00 8.285013e-18
2.373333e+00 -1.708015e-18
2.386667e+00 -7.586103e-19
2.400000e+00 5.948372e-19
2.413333e+00 -1.226299e-19
2.426667e+00 -5.446577e-20
2.440000e+00 4.270739e-20
2.453333e+00 -8.804434e-21
2.466667e+00 -3.910466e-21
2.480000e+00 3.066253e-21
2.493333e+00 -6.321299e-22
2.506667e+00 -2.807589e-22
2.520000e+00 2.201470e-22
2.533333e+00 -4.538489e-23
2.546667e+00 -2.015758e-23
2.560000e+00 1.580585e-23
2.573333e+00 -3.258488e-24
2.586667e+00 -1.447249e-24
2.600000e+00 1.134809e-24
2.613333e+00 -2.339489e-25
2.626667e+00 -1.039078e-25
2.640000e+00 8.147559e-26
2.653333e+00 -1.679678e-26
2.666667e+00 -7.460245e-27
2.680000e+00 5.849684e-27
2.693333e+00 -1.205954e-27
2.706667e+00 -5.356215e-28
2.720000e+00 4.199885e-28
2.733333e+00 -8.658363e-29
2.746667e+00 -3.845589e-29
2.760000e+00 3.015381e-29
2.773333e+00 -6.216425e-30
2.786667e+00 -2.761009e-30
2.800000e+00 2.164946e-30
2.813333e+00 -4.463192e-31
2.826667e+00 -1.982315e-31
2.840000e+00 1.554362e-31
2.853333e+00 -3.204428e-32
2.866667e+00 -1.423238e-32
2.880000e+00 1.115981e-32
2.893333e+00 -2.300676e-33
2.906667e+00 -1.021839e-33
2.920000e+00 8.012386e-34
2.933333e+00 -1.651811e-34
2.946667e+00 -7.336475e-35
2.960000e+00 5.752634e-35
2.973333e+00 -1.185947e-35
2.986667e+00 -5.267352e-36
3.000000e+00 4.130206e-36
3.013333e+00 -8.514715e-37
3.026667e+00 -3.781788e-37
3.040000e+00 2.965354e-37
3.053333e+00 -6.113290e-38
3.066667e+00 -2.715202e-38
3.080000e+00 2.129029e-38
3.093333e+00 -4.389145e-39
3.106667e+00 -1.949427e-39
3.120000e+00 1.528574e-39
3.133333e+00 -3.151264e-40
3.146667e+00 -1.399626e-40
3.160000e+00 1.097467e-40
3.173333e+00 -2.262506e-41
3.186667e+00 -1.004886e-41
3.200000e+00 7.879455e-42
3.213333e+00 -1.624406e-42
3.226667e+00 -7.214758e-43
3.240000e+00 5.657195e-43
3.253333e+00 -1.166271e-43
3.266667e+00 -5.179963e-44
3.280000e+00 4.061683e-44
3.293333e+00 -8.373450e-45
3.306667e+00 -3.719046e-45
3.320000e+00 2.916157e-45
3.333333e+00 -6.011867e-46
3.346667e+00 -2.670155e-46
3.360000e+00 2.093707e-46
3.373333e+00 -4.316326e-47
3.386667e+00 -1.917085e-47
3.400000e+00 1.503214e-47
3.413333e+00 -3.098983e-48
3.426667e+00 -1.376405e-48
3.440000e+00 1.079259e-48
3.453333e+00 -2.224969e-49
3.466667e+00 -9.882144e-50
3.480000e+00 7.748730e-50
3.493333e+00 -1.597456e-50
3.506667e+00 -7.095060e-51
3.520000e+00 5.563338e-51
3.533333e+00 -1.146922e-51
3.546667e+00 -5.094024e-52
3.560000e+00 3.994297e-52
3.573333e+00 -8.234529e-53
3.586667e+00 -3.657345e-53
3.600000e+00 2.867776e-53
3.613333e+00 -5.912126e-54
3.626667e+00 -2.625855e-54
3.640000e+00 2.058971e-54
3.653333e+00 -4.244715e-55
3.666667e+00 -1.885279e-55
3.680000e+00 1.478274e-55
3.693333e+00 -3.047569e-56
3.706667e+00 -1.353570e-56
3.720000e+00 1.061353e-56
3.733333e+00 -2.188056e-57
3.746667e+00 -9.718193e-58
3.760000e+00 7.620174e-58
3.773333e+00 -1.570953e-58
3.786667e+00 -6.977349e-59
3.800000e+00 5.471039e-59
3.813333e+00 -1.127894e-59
3.826667e+00 -5.009511e-60
3.840000e+00 3.928029e-60
3.853333e+00 -8.097913e-61
3.866667e+00 -3.596667e-61
3.880000e+00 2.820199e-61
3.893333e+00 -5.814058e-62
3.906667e+00 -2.582332e-62
3.920000e+00 2.025012e-62
3.933333e+00 -4.176854e-63
3.946667e+00 -1.859767e-63
3.960000e+00 1.481716e-63
3.973333e+00 -3.353678e-64
3.986667e+00 -2.134159e-64
4.000000e+00 0.000000e+00
