0.000000e+00 0.000000e+00
1.333334e-02 2.861883e-291
2.666669e-02 7.863265e-280
4.000003e-02 2.160498e-268
5.333338e-02 5.936149e-257
6.666672e-02 1.631007e-245
8.000007e-02 4.481328e-234
9.333341e-02 1.231282e-222
1.066668e-01 3.383051e-211
1.200001e-01 9.295217e-200
1.333334e-01 2.553939e-188
1.466668e-01 7.017161e-177
1.600001e-01 1.928024e-165
1.733335e-01 5.297407e-154
1.866668e-01 1.455507e-142
2.000002e-01 3.999128e-131
2.133335e-01 1.098794e-119
2.266669e-01 3.019028e-108
2.400002e-01 8.295033e-97
2.533335e-01 2.279130e-85
2.666669e-01 6.262100e-74
2.800002e-01 1.720564e-62
2.933336e-01 4.727395e-51
3.066669e-01 1.298891e-39
3.200003e-01 3.568813e-28
3.333336e-01 1.307414e-16
3.466670e-01 1.334398e-15
3.600003e-01 1.268122e-14
3.733336e-01 1.065948e-13
3.866670e-01 8.057606e-13
4.000003e-01 5.474246e-12
4.133337e-01 3.360208e-11
4.266670e-01 1.871933e-10
4.400004e-01 9.507474e-10
4.533337e-01 4.421221e-09
4.666671e-01 1.890139e-08
4.800004e-01 7.459967e-08
4.933337e-01 2.727177e-07
5.066671e-01 9.267116e-07
5.200004e-01 2.937720e-06
5.333338e-01 8.712401e-06
5.466671e-01 2.424603e-05
5.600005e-01 6.351854e-05
5.733338e-01 1.570739e-04
5.866672e-01 3.676079e-04
6.000005e-01 8.159970e-04
6.133338e-01 1.722629e-03
6.266672e-01 3.466392e-03
6.400005e-01 6.663460e-03
6.533339e-01 1.226195e-02
6.666672e-01 2.164374e-02
6.800006e-01 3.671519e-02
6.933339e-01 5.996578e-02
7.066673e-01 9.446412e-02
7.200006e-01 1.437718e-01
7.333339e-01 2.118802e-01
7.466673e-01 3.026374e-01
7.600006e-01 4.194526e-01
7.733340e-01 5.652621e-01
7.866673e-01 7.418916e-01
8.000007e-01 9.489440e-01
8.133340e-01 1.184338e+00
8.266674e-01 1.444347e+00
8.400007e-01 1.723029e+00
8.533340e-01 2.012661e+00
8.666674e-01 2.304141e+00
8.800007e-01 2.587496e+00
8.933341e-01 2.852508e+00
9.066674e-01 3.090335e+00
9.200008e-01 3.291295e+00
9.333341e-01 3.446948e+00
9.466675e-01 3.554127e+00
9.600008e-01 3.609823e+00
9.733341e-01 3.612071e+00
9.866675e-01 3.562311e+00
1.000001e+00 3.465240e+00
1.013334e+00 3.326038e+00
1.026668e+00 3.150077e+00
1.040001e+00 2.945853e+00
1.053334e+00 2.721069e+00
1.066668e+00 2.483390e+00
1.080001e+00 2.240067e+00
1.093334e+00 1.996936e+00
1.106668e+00 1.760493e+00
1.120001e+00 1.535323e+00
1.133334e+00 1.324903e+00
1.146668e+00 1.131651e+00
1.160001e+00 9.569867e-01
1.173334e+00 8.014696e-01
1.186668e+00 6.649275e-01
1.200001e+00 5.466234e-01
1.213334e+00 4.453939e-01
1.226668e+00 3.599405e-01
1.240001e+00 2.883516e-01
1.253334e+00 2.291391e-01
1.266668e+00 1.807382e-01
1.280001e+00 1.415427e-01
1.293334e+00 1.100393e-01
1.306668e+00 8.490886e-02
1.320001e+00 6.509782e-02
1.333334e+00 4.960166e-02
1.346668e+00 3.755432e-02
1.360001e+00 2.825885e-02
1.373334e+00 2.114770e-02
1.386668e+00 1.574293e-02
1.400001e+00 1.165530e-02
1.413335e+00 8.583509e-03
1.426668e+00 6.292033e-03
1.440001e+00 4.591900e-03
1.453335e+00 3.335455e-03
1.466668e+00 2.411895e-03
1.480001e+00 1.737326e-03
1.493335e+00 1.246242e-03
1.506668e+00 8.904100e-04
1.520001e+00 6.337529e-04
1.533335e+00 4.494239e-04
1.546668e+00 3.177459e-04
1.560001e+00 2.238966e-04
1.573335e+00 1.572613e-04
1.586668e+00 1.100649e-04
1.600001e+00 7.680626e-05
1.613335e+00 5.344756e-05
1.626668e+00 3.709307e-05
1.640001e+00 2.567737e-05
1.653335e+00 1.772245e-05
1.666668e+00 1.220354e-05
1.680001e+00 8.384660e-06
1.693335e+00 5.745653e-06
1.706668e+00 3.927201e-06
1.720001e+00 2.679122e-06
1.733335e+00 1.824357e-06
1.746668e+00 1.239467e-06
1.760001e+00 8.402263e-07
1.773335e+00 5.683629e-07
1.786668e+00 3.836603e-07
1.800002e+00 2.584565e-07
1.813335e+00 1.737667e-07
1.826668e+00 1.166729e-07
1.840002e+00 7.819178e-08
1.853335e+00 5.230606e-08
1.866668e+00 3.494909e-08
1.880002e+00 2.331077e-08
1.893335e+00 1.553124e-08
1.906668e+00 1.033748e-08
1.920002e+00 6.864317e-09
1.933335e+00 4.553517e-09
1.946668e+00 3.019965e-09
1.960002e+00 1.999654e-09
1.973335e+00 1.322885e-09
1.986668e+00 8.744289e-10
2.000002e+00 5.775167e-10
2.013335e+00 3.814282e-10
2.026668e+00 2.515229e-10
2.040002e+00 1.657308e-10
2.053335e+00 1.093112e-10
2.066668e+00 7.205192e-11
2.080002e+00 4.746125e-11
2.093335e+00 3.127270e-11
2.106668e+00 2.059388e-11
2.120002e+00 1.356697e-11
2.133335e+00 8.942264e-12
2.146668e+00 5.891178e-12
2.160002e+00 3.883214e-12
2.173335e+00 2.564416e-12
2.186668e+00 1.694836e-12
2.200002e+00 1.121172e-12
2.213335e+00 7.423453e-13
2.226669e+00 4.920708e-13
2.240002e+00 3.266946e-13
2.253335e+00 2.170586e-13
2.266669e+00 1.445264e-13
2.280002e+00 9.645569e-14
2.293335e+00 6.437372e-14
2.306669e+00 4.299836e-14
2.320002e+00 2.887675e-14
2.333335e+00 1.933571e-14
2.346669e+00 1.291280e-14
2.360002e+00 8.774970e-15
2.373335e+00 5.848578e-15
2.386669e+00 3.940229e-15
2.400002e+00 2.623584e-15
2.413335e+00 1.771725e-15
2.426669e+00 1.220098e-15
2.440002e+00 8.021194e-16
2.453335e+00 5.275827e-16
2.466669e+00 3.919008e-16
2.480002e+00 2.582649e-16
2.493335e+00 1.275645e-16
2.506669e+00 1.261294e-16
2.520002e+00 1.246278e-16
2.533335e+00 1.720730e-20
2.546669e+00 6.262703e-32
2.560002e+00 2.279349e-43
2.573335e+00 8.295832e-55
2.586669e+00 3.019319e-66
2.600002e+00 1.098900e-77
2.613336e+00 3.999513e-89
2.626669e+00 1.455647e-100
2.640002e+00 5.297917e-112
2.653336e+00 1.928210e-123
2.666669e+00 7.017837e-135
2.680002e+00 2.554185e-146
2.693336e+00 9.296112e-158
2.706669e+00 3.383377e-169
2.720002e+00 1.231401e-180
2.733336e+00 4.481759e-192
2.746669e+00 1.631164e-203
2.760002e+00 5.936721e-215
2.773336e+00 2.160706e-226
2.786669e+00 7.864022e-238
2.800002e+00 2.862159e-249
2.813336e+00 1.041700e-260
2.826669e+00 3.791332e-272
2.840002e+00 1.379879e-283
2.853336e+00 5.022153e-295
2.866669e+00 1.827843e-306
2.880002e+00 6.652549e-318
2.893336e+00 0.000000e+00
2.906669e+00 0.000000e+00
2.920002e+00 0.000000e+00
2.933336e+00 0.000000e+00
2.946669e+00 0.000000e+00
2.960002e+00 0.000000e+00
2.973336e+00 0.000000e+00
2.986669e+00 0.000000e+00
3.000003e+00 0.000000e+00
3.013336e+00 0.000000e+00
3.026669e+00 0.000000e+00
3.040003e+00 0.000000e+00
3.053336e+00 0.000000e+00
3.066669e+00 0.000000e+00
3.080003e+00 0.000000e+00
3.093336e+00 0.000000e+00
3.106669e+00 0.000000e+00
3.120003e+00 0.000000e+00
3.133336e+00 0.000000e+00
3.146669e+00 0.000000e+00
3.160003e+00 0.000000e+00
3.173336e+00 0.000000e+00
3.186669e+00 0.000000e+00
3.200003e+00 0.000000e+00
3.213336e+00 0.000000e+00
3.226669e+00 0.000000e+00
3.240003e+00 0.000000e+00
3.253336e+00 0.000000e+00
3.266669e+00 0.000000e+00
3.280003e+00 0.000000e+00
3.293336e+00 0.000000e+00
3.306669e+00 0.000000e+00
3.320003e+00 0.000000e+00
3.333336e+00 0.000000e+00
3.346669e+00 0.000000e+00
3.360003e+00 0.000000e+00
3.373336e+00 0.000000e+00
3.386669e+00 0.000000e+00
3.400003e+00 0.000000e+00
3.413336e+00 0.000000e+00
3.426670e+00 0.000000e+00
3.440003e+00 0.000000e+00
3.453336e+00 0.000000e+00
3.466670e+00 0.000000e+00
3.480003e+00 0.000000e+00
3.493336e+00 0.000000e+00
3.506670e+00 0.000000e+00
3.520003e+00 0.000000e+00
3.533336e+00 0.000000e+00
3.546670e+00 0.000000e+00
3.560003e+00 0.000000e+00
3.573336e+00 0.000000e+00
3.586670e+00 0.000000e+00
3.600003e+00 0.000000e+00
3.613336e+00 0.000000e+00
3.626670e+00 0.000000e+00
3.640003e+00 0.000000e+00
3.653336e+00 0.000000e+00
3.666670e+00 0.000000e+00
3.680003e+00 0.000000e+00
3.693336e+00 0.000000e+00
3.706670e+00 0.000000e+00
3.720003e+00 0.000000e+00
3.733336e+00 0.000000e+00
3.746670e+00 0.000000e+00
3.760003e+00 0.000000e+00
3.773336e+00 0.000000e+00
3.786670e+00 0.000000e+00
3.800003e+00 0.000000e+00
3.813337e+00 0.000000e+00
3.826670e+00 0.000000e+00
3.840003e+00 0.000000e+00
3.853337e+00 0.000000e+00
3.866670e+00 0.000000e+00
3.880003e+00 0.000000e+00
3.893337e+00 0.000000e+00
3.906670e+00 0.000000e+00
3.920003e+00 0.000000e+00
3.933337e+00 0.000000e+00
3.946670e+00 0.000000e+00
3.960003e+00 0.000000e+00
3.973337e+00 0.000000e+00
3.986670e+00 0.000000e+00
4.000003e+00 0.000000e+00
