0.000000e+00 1.000000e-02 2.000000e-02   3.050524e-04
2.000000e-02 3.000000e-02 4.000000e-02   2.614546e-03
4.000000e-02 5.000000e-02 6.000000e-02   7.019596e-03
6.000000e-02 7.000000e-02 8.000000e-02   1.355397e-02
8.000000e-02 9.000000e-02 1.000000e-01   2.175979e-02
1.000000e-01 1.100000e-01 1.200000e-01   3.200316e-02
1.200000e-01 1.300000e-01 1.400000e-01   4.373501e-02
1.400000e-01 1.500000e-01 1.600000e-01   5.678298e-02
1.600000e-01 1.700000e-01 1.800000e-01   7.170196e-02
1.800000e-01 1.900000e-01 2.000000e-01   8.754465e-02
2.000000e-01 2.100000e-01 2.200000e-01   1.044052e-01
2.200000e-01 2.300000e-01 2.400000e-01   1.229246e-01
2.400000e-01 2.500000e-01 2.600000e-01   1.419964e-01
2.600000e-01 2.700000e-01 2.800000e-01   1.614684e-01
2.800000e-01 2.900000e-01 3.000000e-01   1.827253e-01
3.000000e-01 3.100000e-01 3.200000e-01   2.043063e-01
3.200000e-01 3.300000e-01 3.400000e-01   2.260200e-01
3.400000e-01 3.500000e-01 3.600000e-01   2.483181e-01
3.600000e-01 3.700000e-01 3.800000e-01   2.718193e-01
3.800000e-01 3.900000e-01 4.000000e-01   2.952404e-01
4.000000e-01 4.100000e-01 4.200000e-01   3.184959e-01
4.200000e-01 4.300000e-01 4.400000e-01   3.419637e-01
4.400000e-01 4.500000e-01 4.600000e-01   3.666561e-01
4.600000e-01 4.700000e-01 4.800000e-01   3.910332e-01
4.800000e-01 4.900000e-01 5.000000e-01   4.150365e-01
5.000000e-01 5.100000e-01 5.200000e-01   4.386159e-01
5.200000e-01 5.300000e-01 5.400000e-01   4.630164e-01
5.400000e-01 5.500000e-01 5.600000e-01   4.877193e-01
5.600000e-01 5.700000e-01 5.800000e-01   5.119076e-01
5.800000e-01 5.900000e-01 6.000000e-01   5.355490e-01
6.000000e-01 6.100000e-01 6.200000e-01   5.586171e-01
6.200000e-01 6.300000e-01 6.400000e-01   5.818815e-01
6.400000e-01 6.500000e-01 6.600000e-01   6.058683e-01
6.600000e-01 6.700000e-01 6.800000e-01   6.292306e-01
6.800000e-01 6.900000e-01 7.000000e-01   6.519535e-01
7.000000e-01 7.100000e-01 7.200000e-01   6.740259e-01
7.200000e-01 7.300000e-01 7.400000e-01   6.954404e-01
7.400000e-01 7.500000e-01 7.600000e-01   7.169188e-01
7.600000e-01 7.700000e-01 7.800000e-01   7.391093e-01
7.800000e-01 7.900000e-01 8.000000e-01   7.606209e-01
8.000000e-01 8.100000e-01 8.200000e-01   7.814523e-01
8.200000e-01 8.300000e-01 8.400000e-01   8.016047e-01
8.400000e-01 8.500000e-01 8.600000e-01   8.210813e-01
8.600000e-01 8.700000e-01 8.800000e-01   8.398871e-01
8.800000e-01 8.900000e-01 9.000000e-01   8.587369e-01
9.000000e-01 9.100000e-01 9.200000e-01   8.782447e-01
9.200000e-01 9.300000e-01 9.400000e-01   8.970794e-01
9.400000e-01 9.500000e-01 9.600000e-01   9.152486e-01
9.600000e-01 9.700000e-01 9.800000e-01   9.327611e-01
9.800000e-01 9.900000e-01 1.000000e+00   9.496269e-01
1.000000e+00 1.010000e+00 1.020000e+00   9.658567e-01
1.020000e+00 1.030000e+00 1.040000e+00   9.814617e-01
1.040000e+00 1.050000e+00 1.060000e+00   9.967018e-01
1.060000e+00 1.070000e+00 1.080000e+00   1.012993e+00
1.080000e+00 1.090000e+00 1.100000e+00   1.028666e+00
1.100000e+00 1.110000e+00 1.120000e+00   1.043732e+00
1.120000e+00 1.130000e+00 1.140000e+00   1.058204e+00
1.140000e+00 1.150000e+00 1.160000e+00   1.072095e+00
1.160000e+00 1.170000e+00 1.180000e+00   1.085417e+00
1.180000e+00 1.190000e+00 1.200000e+00   1.098184e+00
1.200000e+00 1.210000e+00 1.220000e+00   1.110409e+00
1.220000e+00 1.230000e+00 1.240000e+00   1.122105e+00
1.240000e+00 1.250000e+00 1.260000e+00   1.133878e+00
1.260000e+00 1.270000e+00 1.280000e+00   1.146280e+00
1.280000e+00 1.290000e+00 1.300000e+00   1.158160e+00
1.300000e+00 1.310000e+00 1.320000e+00   1.169532e+00
1.320000e+00 1.330000e+00 1.340000e+00   1.180408e+00
1.340000e+00 1.350000e+00 1.360000e+00   1.190800e+00
1.360000e+00 1.370000e+00 1.380000e+00   1.200723e+00
1.380000e+00 1.390000e+00 1.400000e+00   1.210187e+00
1.400000e+00 1.410000e+00 1.420000e+00   1.219207e+00
1.420000e+00 1.430000e+00 1.440000e+00   1.227794e+00
1.440000e+00 1.450000e+00 1.460000e+00   1.235959e+00
1.460000e+00 1.470000e+00 1.480000e+00   1.243717e+00
1.480000e+00 1.490000e+00 1.500000e+00   1.251816e+00

