0.00000 0.00255 0.00510 0.02389
0.00510 0.01010 0.01510 0.06973
0.01510 0.02010 0.02510 0.11491
0.02510 0.03010 0.03510 0.17168
0.03510 0.04010 0.04510 0.23240
0.04510 0.05010 0.05510 0.31134
0.05510 0.06010 0.06510 0.39251
0.06510 0.07010 0.07510 0.48753
0.07510 0.08010 0.08510 0.58494
0.08510 0.09010 0.09510 0.70696
0.09510 0.10010 0.10510 0.85444
0.10510 0.11010 0.11510 1.01678
0.11510 0.12010 0.12510 1.15833
0.12510 0.13010 0.13510 1.35202
0.13510 0.14010 0.14510 1.59728
0.14510 0.15010 0.15510 1.81923
0.15510 0.16010 0.16510 2.06107
0.16510 0.17010 0.17510 2.33845
0.17510 0.18010 0.18510 2.55652
0.18510 0.19010 0.19510 2.75820
0.19510 0.20010 0.20510 2.94340
0.20510 0.21010 0.21510 3.11757
0.21510 0.22010 0.22510 3.30998
0.22510 0.23010 0.23510 3.46861
0.23510 0.24010 0.24510 3.58755
0.24510 0.25010 0.25510 3.70686
0.25510 0.26010 0.26510 3.83363
0.26510 0.27010 0.27510 4.01038
0.27510 0.28010 0.28510 4.17461
0.28510 0.29010 0.29510 4.18166
0.29510 0.30010 0.30510 3.94516
0.30510 0.31010 0.31510 3.73182
0.31510 0.32010 0.32510 3.75576
0.32510 0.33010 0.33510 3.80461
0.33510 0.34010 0.34510 3.85134
0.34510 0.35010 0.35510 3.91793
0.35510 0.36010 0.36510 4.02352
0.36510 0.37010 0.37510 4.11545
0.37510 0.38010 0.38510 4.22181
0.38510 0.39010 0.39510 4.32838
0.39510 0.40010 0.40510 4.46492
0.40510 0.41010 0.41510 4.77299
0.41510 0.42010 0.42510 4.95245
0.42510 0.43010 0.43510 4.92527
0.43510 0.44010 0.44510 4.85846
0.44510 0.45010 0.45510 4.79932
0.45510 0.46010 0.46510 4.85043
0.46510 0.47010 0.47510 4.90718
0.47510 0.48010 0.48510 4.91433
0.48510 0.49010 0.49510 4.93900
0.49510 0.50010 0.50510 4.96383
0.50510 0.51010 0.51510 5.12654
0.51510 0.52010 0.52510 5.28303
0.52510 0.53010 0.53510 5.33781
0.53510 0.54010 0.54510 5.31567
0.54510 0.55010 0.55510 5.33161
0.55510 0.56010 0.56510 5.37860
0.56510 0.57010 0.57510 5.32433
0.57510 0.58010 0.58510 5.16838
0.58510 0.59010 0.59510 4.98644
0.59510 0.60010 0.60510 4.77083
0.60510 0.61010 0.61510 4.63379
0.61510 0.62010 0.62510 4.52514
0.62510 0.63010 0.63510 4.46621
0.63510 0.64010 0.64510 4.37000
0.64510 0.65010 0.65510 4.28309
0.65510 0.66010 0.66510 4.24605
0.66510 0.67010 0.67510 4.24658
0.67510 0.68010 0.68510 4.25927
0.68510 0.69010 0.69510 4.31856
0.69510 0.70010 0.70510 4.41349
0.70510 0.71010 0.71510 4.38833
0.71510 0.72010 0.72510 4.32028
0.72510 0.73010 0.73510 4.24735
0.73510 0.74010 0.74510 4.16229
0.74510 0.75010 0.75510 4.09470
0.75510 0.76010 0.76510 4.01822
0.76510 0.77010 0.77510 3.94011
0.77510 0.78010 0.78510 3.88682
0.78510 0.79010 0.79510 3.84431
0.79510 0.80010 0.80510 3.79888
0.80510 0.81010 0.81510 3.72886
0.81510 0.82010 0.82510 3.67251
0.82510 0.83010 0.83510 3.60591
0.83510 0.84010 0.84510 3.56642
0.84510 0.85010 0.85510 3.52236
0.85510 0.86010 0.86510 3.44570
0.86510 0.87010 0.87510 3.42234
0.87510 0.88010 0.88510 3.33953
0.88510 0.89010 0.89510 3.27579
0.89510 0.90010 0.90510 3.21380
0.90510 0.91010 0.91510 3.11596
0.91510 0.92010 0.92510 3.02125
0.92510 0.93010 0.93510 2.91288
0.93510 0.94010 0.94510 2.81489
0.94510 0.95010 0.95510 2.73586
0.95510 0.96010 0.96510 2.67953
0.96510 0.97010 0.97510 2.60430
0.97510 0.98010 0.98510 2.56166
0.98510 0.99010 0.99510 2.50821
0.99510 1.00010 1.00510 2.42942
1.00510 1.01010 1.01510 2.32885
1.01510 1.02010 1.02510 2.21764
1.02510 1.03010 1.03510 2.08344
1.03510 1.04010 1.04510 1.95030
1.04510 1.05010 1.05510 1.82656
1.05510 1.06010 1.06510 1.71973
1.06510 1.07010 1.07510 1.63532
1.07510 1.08010 1.08510 1.54655
1.08510 1.09010 1.09510 1.46746
1.09510 1.10010 1.10510 1.38920
1.10510 1.11010 1.11510 1.30341
1.11510 1.12010 1.12510 1.25476
1.12510 1.13010 1.13510 1.18910
1.13510 1.14010 1.14510 1.12915
1.14510 1.15010 1.15510 1.08930
1.15510 1.16010 1.16510 1.05354
1.16510 1.17010 1.17510 1.02730
1.17510 1.18010 1.18510 0.99305
1.18510 1.19010 1.19510 0.96993
1.19510 1.20010 1.20510 0.95099
1.20510 1.21010 1.21510 0.89404
1.21510 1.22010 1.22510 0.82076
1.22510 1.23010 1.23510 0.77068
1.23510 1.24010 1.24510 0.72668
1.24510 1.25010 1.25510 0.68457
1.25510 1.26010 1.26510 0.64287
1.26510 1.27010 1.27510 0.60408
1.27510 1.28010 1.28510 0.55699
1.28510 1.29010 1.29510 0.50450
1.29510 1.30010 1.30510 0.45851
1.30510 1.31010 1.31510 0.42501
1.31510 1.32010 1.32510 0.40589
1.32510 1.33010 1.33510 0.38898
1.33510 1.34010 1.34510 0.37248
1.34510 1.35010 1.35510 0.36557
1.35510 1.36010 1.36510 0.35089
1.36510 1.37010 1.37510 0.35007
1.37510 1.38010 1.38510 0.33425
1.38510 1.39010 1.39510 0.32160
1.39510 1.40010 1.40510 0.31261
1.40510 1.41010 1.41510 0.30338
1.41510 1.42010 1.42510 0.30126
1.42510 1.43010 1.43510 0.29228
1.43510 1.44010 1.44510 0.28602
1.44510 1.45010 1.45510 0.27374
1.45510 1.46010 1.46510 0.26539
1.46510 1.47010 1.47510 0.25932
1.47510 1.48010 1.48510 0.25809
1.48510 1.49010 1.49510 0.25212
1.49510 1.50010 1.50510 0.24346
1.50510 1.51010 1.51510 0.24003
1.51510 1.52010 1.52510 0.22791
1.52510 1.53010 1.53510 0.22383
1.53510 1.54010 1.54510 0.21635
1.54510 1.55010 1.55510 0.20392
1.55510 1.56010 1.56510 0.19741
1.56510 1.57010 1.57510 0.19453
1.57510 1.58010 1.58510 0.18803
1.58510 1.59010 1.59510 0.18503
1.59510 1.60010 1.60510 0.17702
1.60510 1.61010 1.61510 0.16991
1.61510 1.62010 1.62510 0.16591
1.62510 1.63010 1.63510 0.15910
1.63510 1.64010 1.64510 0.15508
1.64510 1.65010 1.65510 0.15162
1.65510 1.66010 1.66510 0.14975
1.66510 1.67010 1.67510 0.14777
1.67510 1.68010 1.68510 0.14175
1.68510 1.69010 1.69510 0.13763
1.69510 1.70010 1.70510 0.13428
1.70510 1.71010 1.71510 0.12871
1.71510 1.72010 1.72510 0.12013
1.72510 1.73010 1.73510 0.11969
1.73510 1.74010 1.74510 0.11670
1.74510 1.75010 1.75510 0.11195
1.75510 1.76010 1.76510 0.10892
1.76510 1.77010 1.77510 0.10194
1.77510 1.78010 1.78510 0.10017
1.78510 1.79010 1.79510 0.09777
1.79510 1.80010 1.80510 0.09589
1.80510 1.81010 1.81510 0.09313
1.81510 1.82010 1.82510 0.08834
1.82510 1.83010 1.83510 0.09019
1.83510 1.84010 1.84510 0.08517
1.84510 1.85010 1.85510 0.08217
1.85510 1.86010 1.86510 0.08251
1.86510 1.87010 1.87510 0.07883
1.87510 1.88010 1.88510 0.07932
1.88510 1.89010 1.89510 0.07784
1.89510 1.90010 1.90510 0.07490
1.90510 1.91010 1.91510 0.07139
1.91510 1.92010 1.92510 0.06989
1.92510 1.93010 1.93510 0.06798
1.93510 1.94010 1.94510 0.06754
1.94510 1.95010 1.95510 0.06449
1.95510 1.96010 1.96510 0.06378
1.96510 1.97010 1.97510 0.06404
1.97510 1.98010 1.98510 0.06257
1.98510 1.99010 1.99510 0.06183
1.99510 2.00010 2.00510 0.05921
2.00510 2.01010 2.01510 0.05730
2.01510 2.02010 2.02510 0.05563
2.02510 2.03010 2.03510 0.05616
2.03510 2.04010 2.04510 0.05567
2.04510 2.05010 2.05510 0.05468
2.05510 2.06010 2.06510 0.05539
2.06510 2.07010 2.07510 0.05288
2.07510 2.08010 2.08510 0.05234
2.08510 2.09010 2.09510 0.05119
2.09510 2.10010 2.10510 0.05129
2.10510 2.11010 2.11510 0.05037
2.11510 2.12010 2.12510 0.04811
2.12510 2.13010 2.13510 0.04893
2.13510 2.14010 2.14510 0.04678
2.14510 2.15010 2.15510 0.04594
2.15510 2.16010 2.16510 0.04510
2.16510 2.17010 2.17510 0.04631
2.17510 2.18010 2.18510 0.04438
2.18510 2.19010 2.19510 0.04457
2.19510 2.20010 2.20510 0.04452
2.20510 2.21010 2.21510 0.04072
2.21510 2.22010 2.22510 0.04201
2.22510 2.23010 2.23510 0.04040
2.23510 2.24010 2.24510 0.03840
2.24510 2.25010 2.25510 0.03841
2.25510 2.26010 2.26510 0.03882
2.26510 2.27010 2.27510 0.03873
2.27510 2.28010 2.28510 0.03776
2.28510 2.29010 2.29510 0.03620
2.29510 2.30010 2.30510 0.03511
2.30510 2.31010 2.31510 0.03658
2.31510 2.32010 2.32510 0.03530
2.32510 2.33010 2.33510 0.03431
2.33510 2.34010 2.34510 0.03342
2.34510 2.35010 2.35510 0.03159
2.35510 2.36010 2.36510 0.03417
2.36510 2.37010 2.37510 0.03200
2.37510 2.38010 2.38510 0.02953
2.38510 2.39010 2.39510 0.03088
2.39510 2.40010 2.40510 0.03012
2.40510 2.41010 2.41510 0.02974
2.41510 2.42010 2.42510 0.02888
2.42510 2.43010 2.43510 0.02852
2.43510 2.44010 2.44510 0.02842
2.44510 2.45010 2.45510 0.02759
2.45510 2.46010 2.46510 0.02527
2.46510 2.47010 2.47510 0.02685
2.47510 2.48010 2.48510 0.02413
2.48510 2.49010 2.49510 0.02644
2.49510 2.50010 2.50510 0.02450
2.50510 2.51010 2.51510 0.02424
2.51510 2.52010 2.52510 0.02338
2.52510 2.53010 2.53510 0.02272
2.53510 2.54010 2.54510 0.02255
2.54510 2.55010 2.55510 0.02207
2.55510 2.56010 2.56510 0.02051
2.56510 2.57010 2.57510 0.02154
2.57510 2.58010 2.58510 0.01918
2.58510 2.59010 2.59510 0.02026
2.59510 2.60010 2.60510 0.01997
2.60510 2.61010 2.61510 0.01957
2.61510 2.62010 2.62510 0.01937
2.62510 2.63010 2.63510 0.01841
2.63510 2.64010 2.64510 0.01903
2.64510 2.65010 2.65510 0.01803
2.65510 2.66010 2.66510 0.01782
2.66510 2.67010 2.67510 0.01813
2.67510 2.68010 2.68510 0.01658
2.68510 2.69010 2.69510 0.01573
2.69510 2.70010 2.70510 0.01715
2.70510 2.71010 2.71510 0.01616
2.71510 2.72010 2.72510 0.01686
2.72510 2.73010 2.73510 0.01692
2.73510 2.74010 2.74510 0.01618
2.74510 2.75010 2.75510 0.01553
2.75510 2.76010 2.76510 0.01562
2.76510 2.77010 2.77510 0.01420
2.77510 2.78010 2.78510 0.01442
2.78510 2.79010 2.79510 0.01464
2.79510 2.80010 2.80510 0.01480
2.80510 2.81010 2.81510 0.01369
2.81510 2.82010 2.82510 0.01442
2.82510 2.83010 2.83510 0.01479
2.83510 2.84010 2.84510 0.01355
2.84510 2.85010 2.85510 0.01390
2.85510 2.86010 2.86510 0.01300
2.86510 2.87010 2.87510 0.01269
2.87510 2.88010 2.88510 0.01317
2.88510 2.89010 2.89510 0.01251
2.89510 2.90010 2.90510 0.01299
2.90510 2.91010 2.91510 0.01181
2.91510 2.92010 2.92510 0.01157
2.92510 2.93010 2.93510 0.01132
2.93510 2.94010 2.94510 0.01093
2.94510 2.95010 2.95510 0.01075
2.95510 2.96010 2.96510 0.01109
2.96510 2.97010 2.97510 0.01070
2.97510 2.98010 2.98510 0.00987
2.98510 2.99010 2.99510 0.00975
2.99510 3.00010 3.00510 0.00995
3.00510 3.01010 3.01510 0.00948
3.01510 3.02010 3.02510 0.01022
3.02510 3.03010 3.03510 0.00924
3.03510 3.04010 3.04510 0.00918
3.04510 3.05010 3.05510 0.00813
3.05510 3.06010 3.06510 0.00813
3.06510 3.07010 3.07510 0.00841
3.07510 3.08010 3.08510 0.00812
3.08510 3.09010 3.09510 0.00862
3.09510 3.10010 3.10510 0.00790
3.10510 3.11010 3.11510 0.00748
3.11510 3.12010 3.12510 0.00718
3.12510 3.13010 3.13510 0.00669
3.13510 3.14010 3.14510 0.00659
3.14510 3.15010 3.15510 0.00664
3.15510 3.16010 3.16510 0.00603
3.16510 3.17010 3.17510 0.00567
3.17510 3.18010 3.18510 0.00609
3.18510 3.19010 3.19510 0.00579
3.19510 3.20010 3.20510 0.00574
3.20510 3.21010 3.21510 0.00531
3.21510 3.22010 3.22510 0.00590
3.22510 3.23010 3.23510 0.00512
3.23510 3.24010 3.24510 0.00532
3.24510 3.25010 3.25510 0.00459
3.25510 3.26010 3.26510 0.00503
3.26510 3.27010 3.27510 0.00462
3.27510 3.28010 3.28510 0.00426
3.28510 3.29010 3.29510 0.00405
3.29510 3.30010 3.30510 0.00490
3.30510 3.31010 3.31510 0.00437
3.31510 3.32010 3.32510 0.00419
3.32510 3.33010 3.33510 0.00373
3.33510 3.34010 3.34510 0.00363
3.34510 3.35010 3.35510 0.00340
3.35510 3.36010 3.36510 0.00320
3.36510 3.37010 3.37510 0.00347
3.37510 3.38010 3.38510 0.00343
3.38510 3.39010 3.39510 0.00302
3.39510 3.40010 3.40510 0.00285
3.40510 3.41010 3.41510 0.00309
3.41510 3.42010 3.42510 0.00221
3.42510 3.43010 3.43510 0.00268
3.43510 3.44010 3.44510 0.00215
3.44510 3.45010 3.45510 0.00245
3.45510 3.46010 3.46510 0.00251
3.46510 3.47010 3.47510 0.00229
3.47510 3.48010 3.48510 0.00199
3.48510 3.49010 3.49510 0.00167
3.49510 3.50010 3.50510 0.00102