0.000000e+00 0.000000e+00
1.333333e-02 4.441203e-20
2.666667e-02 6.979033e-20
4.000000e-02 -3.083463e-19
5.333333e-02 3.870191e-19
6.666667e-02 8.692068e-19
8.000000e-02 -4.214067e-18
9.333333e-02 5.373855e-18
1.066667e-01 1.209910e-17
1.200000e-01 -5.868859e-17
1.333333e-01 7.484695e-17
1.466667e-01 1.685183e-16
1.600000e-01 -8.174262e-16
1.733333e-01 1.042483e-15
1.866667e-01 2.347156e-15
2.000000e-01 -1.138528e-14
2.133333e-01 1.451992e-14
2.266667e-01 3.269167e-14
2.400000e-01 -1.585765e-13
2.533333e-01 2.022364e-13
2.666667e-01 4.553363e-13
2.800000e-01 -2.208685e-12
2.933333e-01 2.816790e-12
3.066667e-01 6.342016e-12
3.200000e-01 -3.076302e-11
3.333333e-01 3.923282e-11
3.466667e-01 8.833289e-11
3.600000e-01 -4.284735e-10
3.733333e-01 5.464427e-10
3.866667e-01 1.230318e-09
4.000000e-01 -5.967867e-09
4.133333e-01 7.610965e-09
4.266667e-01 1.713612e-08
4.400000e-01 -8.312166e-08
4.533333e-01 1.060071e-07
4.666667e-01 2.386754e-07
4.800000e-01 -1.157735e-06
4.933333e-01 1.476488e-06
5.066667e-01 3.324320e-06
5.200000e-01 -1.612517e-05
5.333333e-01 2.056483e-05
5.466667e-01 4.630180e-05
5.600000e-01 -2.245947e-04
5.733333e-01 2.864311e-04
5.866667e-01 6.449009e-04
6.000000e-01 -3.128200e-03
6.133333e-01 3.989470e-03
6.266667e-01 8.982311e-03
6.400000e-01 -4.357021e-02
6.533333e-01 5.556615e-02
6.666667e-01 1.251075e-01
6.800000e-01 -6.068548e-01
6.933333e-01 8.018940e-01
7.066667e-01 5.237194e+00
7.200000e-01 6.644588e+00
7.333333e-01 5.914963e+00
7.466667e-01 5.986076e+00
7.600000e-01 6.068576e+00
7.733333e-01 6.047391e+00
7.866667e-01 6.074382e+00
8.000000e-01 5.789535e+00
8.133333e-01 5.531187e+00
8.266667e-01 5.569454e+00
8.400000e-01 5.419160e+00
8.533333e-01 5.743527e+00
8.666667e-01 5.983777e+00
8.800000e-01 2.778700e+00
8.933333e-01 -4.296856e-01
9.066667e-01 -1.908438e-01
9.200000e-01 1.496433e-01
9.333333e-01 -3.085004e-02
9.466667e-01 -1.370196e-02
9.600000e-01 1.074391e-02
9.733333e-01 -2.214933e-03
9.866667e-01 -9.837568e-04
1.000000e+00 7.713778e-04
1.013333e+00 -1.590250e-04
1.026667e+00 -7.063056e-05
1.040000e+00 5.538243e-05
1.053333e+00 -1.141748e-05
1.066667e+00 -5.071046e-06
1.080000e+00 3.976280e-06
1.093333e+00 -8.197385e-07
1.106667e+00 -3.640847e-07
1.120000e+00 2.854840e-07
1.133333e+00 -5.885458e-08
1.146667e+00 -2.614011e-08
1.160000e+00 2.049683e-08
1.173333e+00 -4.225569e-09
1.186667e+00 -1.876775e-09
1.200000e+00 1.471606e-09
1.213333e+00 -3.033822e-10
1.226667e+00 -1.347464e-10
1.240000e+00 1.056566e-10
1.253333e+00 -2.178186e-11
1.266667e+00 -9.674357e-12
1.280000e+00 7.585801e-12
1.293333e+00 -1.563867e-12
1.306667e+00 -6.945876e-13
1.320000e+00 5.446360e-13
1.333333e+00 -1.122806e-13
1.346667e+00 -4.986914e-14
1.360000e+00 3.910311e-14
1.373333e+00 -8.061385e-15
1.386667e+00 -3.580443e-15
1.400000e+00 2.807477e-15
1.413333e+00 -5.787814e-16
1.426667e+00 -2.570643e-16
1.440000e+00 2.015678e-16
1.453333e+00 -4.155464e-17
1.466667e+00 -1.845638e-17
1.480000e+00 1.447191e-17
1.493333e+00 -2.983489e-18
1.506667e+00 -1.325109e-18
1.520000e+00 1.039037e-18
1.533333e+00 -2.142048e-19
1.546667e+00 -9.513853e-20
1.560000e+00 7.459948e-20
1.573333e+00 -1.537922e-20
1.586667e+00 -6.830639e-21
1.600000e+00 5.356001e-21
1.613333e+00 -1.104178e-21
1.626667e+00 -4.904178e-22
1.640000e+00 3.845436e-22
1.653333e+00 -7.927642e-23
1.666667e+00 -3.521041e-23
1.680000e+00 2.760899e-23
1.693333e+00 -5.691791e-24
1.706667e+00 -2.527994e-24
1.720000e+00 1.982236e-24
1.733333e+00 -4.086522e-25
1.746667e+00 -1.815018e-25
1.760000e+00 1.423182e-25
1.773333e+00 -2.933991e-26
1.786667e+00 -1.303124e-26
1.800000e+00 1.021798e-26
1.813333e+00 -2.106511e-27
1.826667e+00 -9.356012e-28
1.840000e+00 7.336182e-28
1.853333e+00 -1.512407e-28
1.866667e+00 -6.717314e-29
1.880000e+00 5.267142e-29
1.893333e+00 -1.085859e-29
1.906667e+00 -4.822815e-30
1.920000e+00 3.781638e-30
1.933333e+00 -7.796117e-31
1.946667e+00 -3.462625e-31
1.960000e+00 2.715094e-31
1.973333e+00 -5.597360e-32
1.986667e+00 -2.486053e-32
2.000000e+00 1.949350e-32
2.013333e+00 -4.018724e-33
2.026667e+00 -1.784906e-33
2.040000e+00 1.399570e-33
2.053333e+00 -2.885314e-34
2.066667e+00 -1.281505e-34
2.080000e+00 1.004846e-34
2.093333e+00 -2.071562e-35
2.106667e+00 -9.200790e-36
2.120000e+00 7.214470e-36
2.133333e+00 -1.487315e-36
2.146667e+00 -6.605870e-37
2.160000e+00 5.179757e-37
2.173333e+00 -1.067844e-37
2.186667e+00 -4.742801e-38
2.200000e+00 3.718898e-38
2.213333e+00 -7.666774e-39
2.226667e+00 -3.405178e-39
2.240000e+00 2.670049e-39
2.253333e+00 -5.504496e-40
2.266667e+00 -2.444808e-40
2.280000e+00 1.917009e-40
2.293333e+00 -3.952051e-41
2.306667e+00 -1.755293e-41
2.320000e+00 1.376350e-41
2.333333e+00 -2.837445e-42
2.346667e+00 -1.260244e-42
2.360000e+00 9.881750e-43
2.373333e+00 -2.037194e-43
2.386667e+00 -9.048142e-44
2.400000e+00 7.094778e-44
2.413333e+00 -1.462639e-44
2.426667e+00 -6.496274e-45
2.440000e+00 5.093821e-45
2.453333e+00 -1.050128e-45
2.466667e+00 -4.664115e-46
2.480000e+00 3.657199e-46
2.493333e+00 -7.539578e-47
2.506667e+00 -3.348684e-47
2.520000e+00 2.625751e-47
2.533333e+00 -5.413173e-48
2.546667e+00 -2.404247e-48
2.560000e+00 1.885204e-48
2.573333e+00 -3.886483e-49
2.586667e+00 -1.726172e-49
2.600000e+00 1.353516e-49
2.613333e+00 -2.790370e-50
2.626667e+00 -1.239335e-50
2.640000e+00 9.717806e-51
2.653333e+00 -2.003395e-51
2.666667e+00 -8.898028e-52
2.680000e+00 6.977071e-52
2.693333e+00 -1.438373e-52
2.706667e+00 -6.388497e-53
2.720000e+00 5.009311e-53
2.733333e+00 -1.032705e-53
2.746667e+00 -4.586734e-54
2.760000e+00 3.596524e-54
2.773333e+00 -7.414491e-55
2.786667e+00 -3.293127e-55
2.800000e+00 2.582188e-55
2.813333e+00 -5.323365e-56
2.826667e+00 -2.364359e-56
2.840000e+00 1.853927e-56
2.853333e+00 -3.822004e-57
2.866667e+00 -1.697533e-57
2.880000e+00 1.331060e-57
2.893333e+00 -2.744076e-58
2.906667e+00 -1.218774e-58
2.920000e+00 9.556581e-59
2.933333e+00 -1.970158e-59
2.946667e+00 -8.750404e-60
2.960000e+00 6.861317e-60
2.973333e+00 -1.414510e-60
2.986667e+00 -6.282507e-61
3.000000e+00 4.926204e-61
3.013333e+00 -1.015572e-61
3.026667e+00 -4.510637e-62
3.040000e+00 3.536855e-62
3.053333e+00 -7.291480e-63
3.066667e+00 -3.238492e-63
3.080000e+00 2.539348e-63
3.093333e+00 -5.235047e-64
3.106667e+00 -2.325133e-64
3.120000e+00 1.823170e-64
3.133333e+00 -3.758595e-65
3.146667e+00 -1.669370e-65
3.160000e+00 1.308977e-65
3.173333e+00 -2.698550e-66
3.186667e+00 -1.198554e-66
3.200000e+00 9.398031e-67
3.213333e+00 -1.937471e-67
3.226667e+00 -8.605229e-68
3.240000e+00 6.747483e-68
3.253333e+00 -1.391042e-68
3.266667e+00 -6.178276e-69
3.280000e+00 4.844475e-69
3.293333e+00 -9.987231e-70
3.306667e+00 -4.435803e-70
3.320000e+00 3.478176e-70
3.333333e+00 -7.170510e-71
3.346667e+00 -3.184763e-71
3.360000e+00 2.497218e-71
3.373333e+00 -5.148194e-72
3.386667e+00 -2.286557e-72
3.400000e+00 1.792922e-72
3.413333e+00 -3.696237e-73
3.426667e+00 -1.641674e-73
3.440000e+00 1.287260e-73
3.453333e+00 -2.653779e-74
3.466667e+00 -1.178669e-74
3.480000e+00 9.242112e-75
3.493333e+00 -1.905328e-75
3.506667e+00 -8.462463e-76
3.520000e+00 6.635538e-76
3.533333e+00 -1.367964e-76
3.546667e+00 -6.075775e-77
3.560000e+00 4.764102e-77
3.573333e+00 -9.821537e-78
3.586667e+00 -4.362210e-78
3.600000e+00 3.420471e-78
3.613333e+00 -7.051546e-79
3.626667e+00 -3.131926e-79
3.640000e+00 2.455788e-79
3.653333e+00 -5.062782e-80
3.666667e+00 -2.248622e-80
3.680000e+00 1.763176e-80
3.693333e+00 -3.634914e-81
3.706667e+00 -1.614438e-81
3.720000e+00 1.265904e-81
3.733333e+00 -2.609751e-82
3.746667e+00 -1.159114e-82
3.760000e+00 9.088779e-83
3.773333e+00 -1.873717e-83
3.786667e+00 -8.322065e-84
3.800000e+00 6.525450e-84
3.813333e+00 -1.345268e-84
3.826667e+00 -5.974974e-85
3.840000e+00 4.685062e-85
3.853333e+00 -9.658591e-86
3.866667e+00 -4.289839e-86
3.880000e+00 3.363725e-86
3.893333e+00 -6.934578e-87
3.906667e+00 -3.080015e-87
3.920000e+00 2.415284e-87
3.933333e+00 -4.981842e-88
3.946667e+00 -2.218192e-88
3.960000e+00 1.767281e-88
3.973333e+00 -4.000019e-89
3.986667e+00 -2.545467e-89
4.000000e+00 0.000000e+00
