0.000000e+00 0.000000e+00
1.333333e-02 1.667095e-15
2.666667e-02 2.619720e-15
4.000000e-02 -1.157440e-14
5.333333e-02 1.452754e-14
6.666667e-02 3.262743e-14
8.000000e-02 -1.581835e-13
9.333333e-02 2.017185e-13
1.066667e-01 4.541642e-13
1.200000e-01 -2.202994e-12
1.333333e-01 2.809531e-12
1.466667e-01 6.325672e-12
1.600000e-01 -3.068374e-11
1.733333e-01 3.913171e-11
1.866667e-01 8.810524e-11
2.000000e-01 -4.273693e-10
2.133333e-01 5.450345e-10
2.266667e-01 1.227148e-09
2.400000e-01 -5.952487e-09
2.533333e-01 7.591351e-09
2.666667e-01 1.709196e-08
2.800000e-01 -8.290744e-08
2.933333e-01 1.057339e-07
3.066667e-01 2.380603e-07
3.200000e-01 -1.154752e-06
3.333333e-01 1.472683e-06
3.466667e-01 3.315753e-06
3.600000e-01 -1.608362e-05
3.733333e-01 2.051183e-05
3.866667e-01 4.618248e-05
4.000000e-01 -2.240159e-04
4.133333e-01 2.856929e-04
4.266667e-01 6.432389e-04
4.400000e-01 -3.120139e-03
4.533333e-01 3.979189e-03
4.666667e-01 8.959163e-03
4.800000e-01 -4.345793e-02
4.933333e-01 5.542295e-02
5.066667e-01 1.247850e-01
5.200000e-01 -6.052908e-01
5.333333e-01 7.998314e-01
5.466667e-01 5.224198e+00
5.600000e-01 6.629627e+00
5.733333e-01 5.899022e+00
5.866667e-01 5.968029e+00
6.000000e-01 6.070676e+00
6.133333e-01 6.011158e+00
6.266667e-01 6.011158e+00
6.400000e-01 6.070676e+00
6.533333e-01 5.968029e+00
6.666667e-01 5.899022e+00
6.800000e-01 6.629627e+00
6.933333e-01 5.224198e+00
7.066667e-01 7.998314e-01
7.200000e-01 -6.052908e-01
7.333333e-01 1.247850e-01
7.466667e-01 5.542295e-02
7.600000e-01 -4.345793e-02
7.733333e-01 8.959163e-03
7.866667e-01 3.979189e-03
8.000000e-01 -3.120139e-03
8.133333e-01 6.432389e-04
8.266667e-01 2.856929e-04
8.400000e-01 -2.240159e-04
8.533333e-01 4.618248e-05
8.666667e-01 2.051183e-05
8.800000e-01 -1.608362e-05
8.933333e-01 3.315753e-06
9.066667e-01 1.472683e-06
9.200000e-01 -1.154752e-06
9.333333e-01 2.380603e-07
9.466667e-01 1.057339e-07
9.600000e-01 -8.290744e-08
9.733333e-01 1.709196e-08
9.866667e-01 7.591351e-09
1.000000e+00 -5.952487e-09
1.013333e+00 1.227148e-09
1.026667e+00 5.450345e-10
1.040000e+00 -4.273693e-10
1.053333e+00 8.810524e-11
1.066667e+00 3.913171e-11
1.080000e+00 -3.068374e-11
1.093333e+00 6.325672e-12
1.106667e+00 2.809531e-12
1.120000e+00 -2.202993e-12
1.133333e+00 4.541628e-13
1.146667e+00 2.017152e-13
1.160000e+00 -1.581678e-13
1.173333e+00 3.260742e-14
1.186667e+00 1.448250e-14
1.200000e+00 -1.135594e-14
1.213333e+00 2.341108e-15
1.226667e+00 1.039797e-15
1.240000e+00 -8.153196e-16
1.253333e+00 1.680840e-16
1.266667e+00 7.465406e-17
1.280000e+00 -5.853731e-17
1.293333e+00 1.206789e-17
1.306667e+00 5.359920e-18
1.320000e+00 -4.202790e-18
1.333333e+00 8.664352e-19
1.346667e+00 3.848249e-19
1.360000e+00 -3.017467e-19
1.373333e+00 6.220725e-20
1.386667e+00 2.762919e-20
1.400000e+00 -2.166444e-20
1.413333e+00 4.466279e-21
1.426667e+00 1.983686e-21
1.440000e+00 -1.555437e-21
1.453333e+00 3.206644e-22
1.466667e+00 1.424223e-22
1.480000e+00 -1.116753e-22
1.493333e+00 2.302267e-23
1.506667e+00 1.022546e-23
1.520000e+00 -8.017929e-24
1.533333e+00 1.652953e-24
1.546667e+00 7.341550e-25
1.560000e+00 -5.756614e-25
1.573333e+00 1.186767e-25
1.586667e+00 5.270995e-26
1.600000e+00 -4.133063e-26
1.613333e+00 8.520605e-27
1.626667e+00 3.784404e-27
1.640000e+00 -2.967406e-27
1.653333e+00 6.117519e-28
1.666667e+00 2.717080e-28
1.680000e+00 -2.130501e-28
1.693333e+00 4.392181e-29
1.706667e+00 1.950776e-29
1.720000e+00 -1.529631e-29
1.733333e+00 3.153444e-30
1.746667e+00 1.400594e-30
1.760000e+00 -1.098226e-30
1.773333e+00 2.264071e-31
1.786667e+00 1.005581e-31
1.800000e+00 -7.884906e-32
1.813333e+00 1.625530e-32
1.826667e+00 7.219749e-33
1.840000e+00 -5.661108e-33
1.853333e+00 1.167078e-33
1.866667e+00 5.183546e-34
1.880000e+00 -4.064493e-34
1.893333e+00 8.379242e-35
1.906667e+00 3.721619e-35
1.920000e+00 -2.918174e-35
1.933333e+00 6.016025e-36
1.946667e+00 2.672002e-36
1.960000e+00 -2.095155e-36
1.973333e+00 4.319312e-37
1.986667e+00 1.918411e-37
2.000000e+00 -1.504254e-37
2.013333e+00 3.101126e-38
2.026667e+00 1.377357e-38
2.040000e+00 -1.080005e-38
2.053333e+00 2.226509e-39
2.066667e+00 9.888980e-40
2.080000e+00 -7.754090e-40
2.093333e+00 1.598561e-40
2.106667e+00 7.099968e-41
2.120000e+00 -5.567186e-41
2.133333e+00 1.147715e-41
2.146667e+00 5.097548e-42
2.160000e+00 -3.997060e-42
2.173333e+00 8.240225e-43
2.186667e+00 3.659875e-43
2.200000e+00 -2.869760e-43
2.213333e+00 5.916216e-44
2.226667e+00 2.627672e-44
2.240000e+00 -2.060395e-44
2.253333e+00 4.247652e-45
2.266667e+00 1.886583e-45
2.280000e+00 -1.479297e-45
2.293333e+00 3.049677e-46
2.306667e+00 1.354506e-46
2.320000e+00 -1.062087e-46
2.333333e+00 2.189569e-47
2.346667e+00 9.724916e-48
2.360000e+00 -7.625445e-48
2.373333e+00 1.572040e-48
2.386667e+00 6.982175e-49
2.400000e+00 -5.474823e-49
2.413333e+00 1.128674e-49
2.426667e+00 5.012976e-50
2.440000e+00 -3.930746e-50
2.453333e+00 8.103515e-51
2.466667e+00 3.599155e-51
2.480000e+00 -2.822149e-51
2.493333e+00 5.818062e-52
2.506667e+00 2.584077e-52
2.520000e+00 -2.026212e-52
2.533333e+00 4.177180e-53
2.546667e+00 1.855284e-53
2.560000e+00 -1.454755e-53
2.573333e+00 2.999081e-54
2.586667e+00 1.332034e-54
2.600000e+00 -1.044467e-54
2.613333e+00 2.153243e-55
2.626667e+00 9.563573e-56
2.640000e+00 -7.498934e-56
2.653333e+00 1.545959e-56
2.666667e+00 6.866336e-57
2.680000e+00 -5.383992e-57
2.693333e+00 1.109949e-57
2.706667e+00 4.929808e-58
2.720000e+00 -3.865533e-58
2.733333e+00 7.969072e-59
2.746667e+00 3.539443e-59
2.760000e+00 -2.775328e-59
2.773333e+00 5.721536e-60
2.786667e+00 2.541206e-60
2.800000e+00 -1.992596e-60
2.813333e+00 4.107878e-61
2.826667e+00 1.824503e-61
2.840000e+00 -1.430619e-61
2.853333e+00 2.949324e-62
2.866667e+00 1.309935e-62
2.880000e+00 -1.027138e-62
2.893333e+00 2.117519e-63
2.906667e+00 9.404907e-64
2.920000e+00 -7.374522e-64
2.933333e+00 1.520310e-64
2.946667e+00 6.752419e-65
2.960000e+00 -5.294668e-65
2.973333e+00 1.091534e-65
2.986667e+00 4.848019e-66
3.000000e+00 -3.801401e-66
3.013333e+00 7.836860e-67
3.026667e+00 3.480721e-67
3.040000e+00 -2.729283e-67
3.053333e+00 5.626612e-68
3.066667e+00 2.499045e-68
3.080000e+00 -1.959537e-68
3.093333e+00 4.039726e-69
3.106667e+00 1.794234e-69
3.120000e+00 -1.406884e-69
3.133333e+00 2.900393e-70
3.146667e+00 1.288202e-70
3.160000e+00 -1.010097e-70
3.173333e+00 2.082388e-71
3.186667e+00 9.248874e-72
3.200000e+00 -7.252174e-72
3.213333e+00 1.495088e-72
3.226667e+00 6.640392e-73
3.240000e+00 -5.206826e-73
3.253333e+00 1.073425e-73
3.266667e+00 4.767587e-74
3.280000e+00 -3.738333e-74
3.293333e+00 7.706841e-75
3.306667e+00 3.422974e-75
3.320000e+00 -2.684002e-75
3.333333e+00 5.533263e-76
3.346667e+00 2.457585e-76
3.360000e+00 -1.927027e-76
3.373333e+00 3.972704e-77
3.386667e+00 1.764466e-77
3.400000e+00 -1.383543e-77
3.413333e+00 2.852273e-78
3.426667e+00 1.266830e-78
3.440000e+00 -9.933393e-79
3.453333e+00 2.047840e-79
3.466667e+00 9.095429e-80
3.480000e+00 -7.131855e-80
3.493333e+00 1.470283e-80
3.506667e+00 6.530224e-81
3.520000e+00 -5.120442e-81
3.533333e+00 1.055616e-81
3.546667e+00 4.688490e-82
3.560000e+00 -3.676312e-82
3.573333e+00 7.578980e-83
3.586667e+00 3.366184e-83
3.600000e+00 -2.639473e-83
3.613333e+00 5.441463e-84
3.626667e+00 2.416812e-84
3.640000e+00 -1.895056e-84
3.653333e+00 3.906795e-85
3.666667e+00 1.735193e-85
3.680000e+00 -1.360589e-85
3.693333e+00 2.804952e-86
3.706667e+00 1.245812e-86
3.720000e+00 -9.768592e-87
3.733333e+00 2.013865e-87
3.746667e+00 8.944530e-88
3.760000e+00 -7.013533e-88
3.773333e+00 1.445890e-88
3.786667e+00 6.421883e-89
3.800000e+00 -5.035490e-89
3.813333e+00 1.038102e-89
3.826667e+00 4.610705e-90
3.840000e+00 -3.615319e-90
3.853333e+00 7.453240e-91
3.866667e+00 3.310337e-91
3.880000e+00 -2.595684e-91
3.893333e+00 5.351202e-92
3.906667e+00 2.376753e-92
3.920000e+00 -1.863801e-92
3.933333e+00 3.844335e-93
3.946667e+00 1.711711e-93
3.960000e+00 -1.363757e-93
3.973333e+00 3.086692e-94
3.986667e+00 1.964259e-94
4.000000e+00 0.000000e+00
