0       0.00667 0.01333 0.00040
0.01333 0.02000 0.02667 0.00074
0.02667 0.03333 0.04000 0.00107
0.04000 0.04667 0.05333 0.00139
0.05333 0.06000 0.06667 0.00169
0.06667 0.07333 0.08000 0.00197
0.08000 0.08667 0.09333 0.00224
0.09333 0.10000 0.10667 0.00249
0.10667 0.11333 0.12000 0.00273
0.12000 0.12667 0.13333 0.00296
0.13333 0.14000 0.14667 0.00318
0.14667 0.15333 0.16000 0.00338
0.16000 0.16667 0.17333 0.00358
0.17333 0.18000 0.18667 0.00376
0.18667 0.19333 0.20000 0.00393
0.20000 0.20667 0.21333 0.00409
0.21333 0.22000 0.22667 0.00424
0.22667 0.23333 0.24000 0.00439
0.24000 0.24667 0.25333 0.00452
0.25333 0.26000 0.26667 0.00465
0.26667 0.27333 0.28000 0.00477
0.28000 0.28667 0.29333 0.00489
0.29333 0.30000 0.30667 0.00500
0.30667 0.31333 0.32000 0.00510
0.32000 0.32667 0.33333 0.00520
0.33333 0.34000 0.34667 0.00529
0.34667 0.35333 0.36000 0.00539
0.36000 0.36667 0.37333 0.00548
0.37333 0.38000 0.38667 0.00558
0.38667 0.39333 0.40000 0.00568
0.40000 0.40667 0.41333 0.00579
0.41333 0.42000 0.42667 0.00590
0.42667 0.43333 0.44000 0.00602
0.44000 0.44667 0.45333 0.00614
0.45333 0.46000 0.46667 0.00628
0.46667 0.47333 0.48000 0.00643
0.48000 0.48667 0.49333 0.00659
0.49333 0.50000 0.50667 0.00677
0.50667 0.51333 0.52000 0.00696
0.52000 0.52667 0.53333 0.00716
0.53333 0.54000 0.54667 0.00738
0.54667 0.55333 0.56000 0.00760
0.56000 0.56667 0.57333 0.00782
0.57333 0.58000 0.58667 0.00805
0.58667 0.59333 0.60000 0.00827
0.60000 0.60667 0.61333 0.00849
0.61333 0.62000 0.62667 0.00870
0.62667 0.63333 0.64000 0.00890
0.64000 0.64667 0.65333 0.00908
0.65333 0.66000 0.66667 0.00924
0.66667 0.67333 0.68000 0.00939
0.68000 0.68667 0.69333 0.00951
0.69333 0.70000 0.70667 0.00960
0.70667 0.71333 0.72000 0.00967
0.72000 0.72667 0.73333 0.00970
0.73333 0.74000 0.74667 0.00971
0.74667 0.75333 0.76000 0.00970
0.76000 0.76667 0.77333 0.00966
0.77333 0.78000 0.78667 0.00960
0.78667 0.79333 0.80000 0.00952
0.80000 0.80667 0.81333 0.00943
0.81333 0.82000 0.82667 0.00931
0.82667 0.83333 0.84000 0.00919
0.84000 0.84667 0.85333 0.00905
0.85333 0.86000 0.86667 0.00891
0.86667 0.87333 0.88000 0.00875
0.88000 0.88667 0.89333 0.00859
0.89333 0.90000 0.90667 0.00842
0.90667 0.91333 0.92000 0.00825
0.92000 0.92667 0.93333 0.00808
0.93333 0.94000 0.94667 0.00790
0.94667 0.95333 0.96000 0.00773
0.96000 0.96667 0.97333 0.00756
0.97333 0.98000 0.98667 0.00740
0.98667 0.99333 1.00000 0.00723
1.00000 1.00667 1.01333 0.00708
1.01333 1.02000 1.02667 0.00693
1.02667 1.03333 1.04000 0.00679
1.04000 1.04667 1.05333 0.00666
1.05333 1.06000 1.06667 0.00654
1.06667 1.07333 1.08000 0.00643
1.08000 1.08667 1.09333 0.00633
1.09333 1.10000 1.10667 0.00625
1.10667 1.11333 1.12000 0.00619
1.12000 1.12667 1.13333 0.00614
1.13333 1.14000 1.14667 0.00610
1.14667 1.15333 1.16000 0.00607
1.16000 1.16667 1.17333 0.00606
1.17333 1.18000 1.18667 0.00604
1.18667 1.19333 1.20000 0.00604
1.20000 1.20667 1.21333 0.00604
1.21333 1.22000 1.22667 0.00604
1.22667 1.23333 1.24000 0.00604
1.24000 1.24667 1.25333 0.00604
1.25333 1.26000 1.26667 0.00603
1.26667 1.27333 1.28000 0.00603
1.28000 1.28667 1.29333 0.00601
1.29333 1.30000 1.30667 0.00599
1.30667 1.31333 1.32000 0.00596
1.32000 1.32667 1.33333 0.00592
1.33333 1.34000 1.34667 0.00587
1.34667 1.35333 1.36000 0.00581
1.36000 1.36667 1.37333 0.00576
1.37333 1.38000 1.38667 0.00569
1.38667 1.39333 1.40000 0.00563
1.40000 1.40667 1.41333 0.00557
1.41333 1.42000 1.42667 0.00551
1.42667 1.43333 1.44000 0.00545
1.44000 1.44667 1.45333 0.00539
1.45333 1.46000 1.46667 0.00534
1.46667 1.47333 1.48000 0.00530
1.48000 1.48667 1.49333 0.00526
1.49333 1.50000 1.50667 0.00524
1.50667 1.51333 1.52000 0.00522
1.52000 1.52667 1.53333 0.00522
1.53333 1.54000 1.54667 0.00522
1.54667 1.55333 1.56000 0.00523
1.56000 1.56667 1.57333 0.00524
1.57333 1.58000 1.58667 0.00525
1.58667 1.59333 1.60000 0.00526
1.60000 1.60667 1.61333 0.00527
1.61333 1.62000 1.62667 0.00527
1.62667 1.63333 1.64000 0.00527
1.64000 1.64667 1.65333 0.00526
1.65333 1.66000 1.66667 0.00525
1.66667 1.67333 1.68000 0.00522
1.68000 1.68667 1.69333 0.00518
1.69333 1.70000 1.70667 0.00512
1.70667 1.71333 1.72000 0.00505
1.72000 1.72667 1.73333 0.00496
1.73333 1.74000 1.74667 0.00485
1.74667 1.75333 1.76000 0.00474
1.76000 1.76667 1.77333 0.00462
1.77333 1.78000 1.78667 0.00449
1.78667 1.79333 1.80000 0.00435
1.80000 1.80667 1.81333 0.00420
1.81333 1.82000 1.82667 0.00406
1.82667 1.83333 1.84000 0.00391
1.84000 1.84667 1.85333 0.00377
1.85333 1.86000 1.86667 0.00362
1.86667 1.87333 1.88000 0.00348
1.88000 1.88667 1.89333 0.00335
1.89333 1.90000 1.90667 0.00322
1.90667 1.91333 1.92000 0.00311
1.92000 1.92667 1.93333 0.00300
1.93333 1.94000 1.94667 0.00290
1.94667 1.95333 1.96000 0.00281
1.96000 1.96667 1.97333 0.00273
1.97333 1.98000 1.98667 0.00265
1.98667 1.99333 2.00000 0.00258
2.00000 2.00667 2.01333 0.00252
2.01333 2.02000 2.02667 0.00246
2.02667 2.03333 2.04000 0.00241
2.04000 2.04667 2.05333 0.00236
2.05333 2.06000 2.06667 0.00232
2.06667 2.07333 2.08000 0.00228
2.08000 2.08667 2.09333 0.00225
2.09333 2.10000 2.10667 0.00222
2.10667 2.11333 2.12000 0.00219
2.12000 2.12667 2.13333 0.00216
2.13333 2.14000 2.14667 0.00214
2.14667 2.15333 2.16000 0.00212
2.16000 2.16667 2.17333 0.00210
2.17333 2.18000 2.18667 0.00208
2.18667 2.19333 2.20000 0.00206
2.20000 2.20667 2.21333 0.00205
2.21333 2.22000 2.22667 0.00203
2.22667 2.23333 2.24000 0.00202
2.24000 2.24667 2.25333 0.00200
2.25333 2.26000 2.26667 0.00199
2.26667 2.27333 2.28000 0.00197
2.28000 2.28667 2.29333 0.00196
2.29333 2.30000 2.30667 0.00194
2.30667 2.31333 2.32000 0.00192
2.32000 2.32667 2.33333 0.00190
2.33333 2.34000 2.34667 0.00188
2.34667 2.35333 2.36000 0.00186
2.36000 2.36667 2.37333 0.00184
2.37333 2.38000 2.38667 0.00181
2.38667 2.39333 2.40000 0.00179
2.40000 2.40667 2.41333 0.00176
2.41333 2.42000 2.42667 0.00174
2.42667 2.43333 2.44000 0.00171
2.44000 2.44667 2.45333 0.00168
2.45333 2.46000 2.46667 0.00165
2.46667 2.47333 2.48000 0.00162
2.48000 2.48667 2.49333 0.00159
2.49333 2.50000 2.50667 0.00155
2.50667 2.51333 2.52000 0.00152
2.52000 2.52667 2.53333 0.00148
2.53333 2.54000 2.54667 0.00145
2.54667 2.55333 2.56000 0.00141
2.56000 2.56667 2.57333 0.00137
2.57333 2.58000 2.58667 0.00134
2.58667 2.59333 2.60000 0.00130
2.60000 2.60667 2.61333 0.00126
2.61333 2.62000 2.62667 0.00122
2.62667 2.63333 2.64000 0.00119
2.64000 2.64667 2.65333 0.00115
2.65333 2.66000 2.66667 0.00112
2.66667 2.67333 2.68000 0.00108
2.68000 2.68667 2.69333 0.00105
2.69333 2.70000 2.70667 0.00102
2.70667 2.71333 2.72000 0.00099
2.72000 2.72667 2.73333 0.00096
2.73333 2.74000 2.74667 0.00093
2.74667 2.75333 2.76000 0.00091
2.76000 2.76667 2.77333 0.00088
2.77333 2.78000 2.78667 0.00086
2.78667 2.79333 2.80000 0.00084
2.80000 2.80667 2.81333 0.00082
2.81333 2.82000 2.82667 0.00079
2.82667 2.83333 2.84000 0.00077
2.84000 2.84667 2.85333 0.00075
2.85333 2.86000 2.86667 0.00073
2.86667 2.87333 2.88000 0.00071
2.88000 2.88667 2.89333 0.00069
2.89333 2.90000 2.90667 0.00067
2.90667 2.91333 2.92000 0.00065
2.92000 2.92667 2.93333 0.00063
2.93333 2.94000 2.94667 0.00061
2.94667 2.95333 2.96000 0.00059
2.96000 2.96667 2.97333 0.00057
2.97333 2.98000 2.98667 0.00055
2.98667 2.99333 3.00000 0.00053
3.00000 3.00667 3.01333 0.00051
3.01333 3.02000 3.02667 0.00049
3.02667 3.03333 3.04000 0.00048
3.04000 3.04667 3.05333 0.00046
3.05333 3.06000 3.06667 0.00044
3.06667 3.07333 3.08000 0.00043
3.08000 3.08667 3.09333 0.00042
3.09333 3.10000 3.10667 0.00041
3.10667 3.11333 3.12000 0.00039
3.12000 3.12667 3.13333 0.00039
3.13333 3.14000 3.14667 0.00038
3.14667 3.15333 3.16000 0.00037
3.16000 3.16667 3.17333 0.00036
3.17333 3.18000 3.18667 0.00036
3.18667 3.19333 3.20000 0.00035
3.20000 3.20667 3.21333 0.00035
3.21333 3.22000 3.22667 0.00035
3.22667 3.23333 3.24000 0.00034
3.24000 3.24667 3.25333 0.00034
3.25333 3.26000 3.26667 0.00034
3.26667 3.27333 3.28000 0.00033
3.28000 3.28667 3.29333 0.00033
3.29333 3.30000 3.30667 0.00032
3.30667 3.31333 3.32000 0.00032
3.32000 3.32667 3.33333 0.00031
3.33333 3.34000 3.34667 0.00031
3.34667 3.35333 3.36000 0.00030
3.36000 3.36667 3.37333 0.00029
3.37333 3.38000 3.38667 0.00029
3.38667 3.39333 3.40000 0.00028
3.40000 3.40667 3.41333 0.00027
3.41333 3.42000 3.42667 0.00026
3.42667 3.43333 3.44000 0.00026
3.44000 3.44667 3.45333 0.00025
3.45333 3.46000 3.46667 0.00024
3.46667 3.47333 3.48000 0.00023
3.48000 3.48667 3.49333 0.00023
3.49333 3.50000 3.50667 0.00022
3.50667 3.51333 3.52000 0.00021
3.52000 3.52667 3.53333 0.00020
3.53333 3.54000 3.54667 0.00020
3.54667 3.55333 3.56000 0.00019
3.56000 3.56667 3.57333 0.00018
3.57333 3.58000 3.58667 0.00018
3.58667 3.59333 3.60000 0.00017
3.60000 3.60667 3.61333 0.00016
3.61333 3.62000 3.62667 0.00016
3.62667 3.63333 3.64000 0.00015
3.64000 3.64667 3.65333 0.00015
3.65333 3.66000 3.66667 0.00014
3.66667 3.67333 3.68000 0.00014
3.68000 3.68667 3.69333 0.00013
3.69333 3.70000 3.70667 0.00013
3.70667 3.71333 3.72000 0.00012
3.72000 3.72667 3.73333 0.00012
3.73333 3.74000 3.74667 0.00012
3.74667 3.75333 3.76000 0.00011
3.76000 3.76667 3.77333 0.00011
3.77333 3.78000 3.78667 0.00010
3.78667 3.79333 3.80000 0.00010
3.80000 3.80667 3.81333 0.00010
3.81333 3.82000 3.82667 0.00010
3.82667 3.83333 3.84000 0.00009
3.84000 3.84667 3.85333 0.00009
3.85333 3.86000 3.86667 0.00009
3.86667 3.87333 3.88000 0.00009
3.88000 3.88667 3.89333 0.00009
3.89333 3.90000 3.90667 0.00009
3.90667 3.91333 3.92000 0.00009
3.92000 3.92667 3.93333 0.00009
3.93333 3.94000 3.94667 0.00009
3.94667 3.95333 3.96000 0.00009
3.96000 3.96667 3.97333 0.00009
3.97333 3.98000 3.98667 0.00009
3.98667 3.99333 4.00000 0.00010
