0.000000e+00 0.000000e+00
1.333333e-02 0.000000e+00
2.666667e-02 0.000000e+00
4.000000e-02 0.000000e+00
5.333333e-02 0.000000e+00
6.666667e-02 0.000000e+00
8.000000e-02 0.000000e+00
9.333333e-02 0.000000e+00
1.066667e-01 0.000000e+00
1.200000e-01 0.000000e+00
1.333333e-01 0.000000e+00
1.466667e-01 0.000000e+00
1.600000e-01 0.000000e+00
1.733333e-01 0.000000e+00
1.866667e-01 0.000000e+00
2.000000e-01 0.000000e+00
2.133333e-01 2.736414e+00
2.266667e-01 2.615856e+00
2.400000e-01 2.495637e+00
2.533333e-01 2.375929e+00
2.666667e-01 2.256902e+00
2.800000e-01 2.138725e+00
2.933333e-01 2.021569e+00
3.066667e-01 1.905604e+00
3.200000e-01 1.791000e+00
3.333333e-01 1.677927e+00
3.466667e-01 1.566555e+00
3.600000e-01 1.457054e+00
3.733333e-01 1.349596e+00
3.866667e-01 1.244348e+00
4.000000e-01 1.141483e+00
4.133333e-01 1.041169e+00
4.266667e-01 9.435780e-01
4.400000e-01 8.488786e-01
4.533333e-01 7.572415e-01
4.666667e-01 6.688368e-01
4.800000e-01 5.838347e-01
4.933333e-01 5.024052e-01
5.066667e-01 4.247185e-01
5.200000e-01 3.509447e-01
5.333333e-01 2.812539e-01
5.466667e-01 2.158163e-01
5.600000e-01 1.548020e-01
5.733333e-01 9.838106e-02
5.866667e-01 4.672370e-02
6.000000e-01 2.220446e-15
6.133333e-01 -4.168421e-02
6.266667e-01 -7.848034e-02
6.400000e-01 -1.106041e-01
6.533333e-01 -1.382712e-01
6.666667e-01 -1.616973e-01
6.800000e-01 -1.810983e-01
6.933333e-01 -1.966896e-01
7.066667e-01 -2.086872e-01
7.200000e-01 -2.173067e-01
7.333333e-01 -2.227638e-01
7.466667e-01 -2.252742e-01
7.600000e-01 -2.250536e-01
7.733333e-01 -2.223178e-01
7.866667e-01 -2.172825e-01
8.000000e-01 -2.101633e-01
8.133333e-01 -2.011760e-01
8.266667e-01 -1.905363e-01
8.400000e-01 -1.784599e-01
8.533333e-01 -1.651625e-01
8.666667e-01 -1.508599e-01
8.800000e-01 -1.357677e-01
8.933333e-01 -1.201016e-01
9.066667e-01 -1.040774e-01
9.200000e-01 -8.791079e-02
9.333333e-01 -7.181745e-02
9.466667e-01 -5.601312e-02
9.600000e-01 -4.071349e-02
9.733333e-01 -2.613429e-02
9.866667e-01 -1.249122e-02
1.000000e+00 -1.243450e-15
1.013333e+00 1.116925e-02
1.026667e+00 2.102874e-02
1.040000e+00 2.963628e-02
1.053333e+00 3.704965e-02
1.066667e+00 4.332667e-02
1.080000e+00 4.852513e-02
1.093333e+00 5.270283e-02
1.106667e+00 5.591757e-02
1.120000e+00 5.822716e-02
1.133333e+00 5.968938e-02
1.146667e+00 6.036204e-02
1.160000e+00 6.030294e-02
1.173333e+00 5.956989e-02
1.186667e+00 5.822067e-02
1.200000e+00 5.631309e-02
1.213333e+00 5.390495e-02
1.226667e+00 5.105405e-02
1.240000e+00 4.781819e-02
1.253333e+00 4.425517e-02
1.266667e+00 4.042278e-02
1.280000e+00 3.637884e-02
1.293333e+00 3.218113e-02
1.306667e+00 2.788746e-02
1.320000e+00 2.355563e-02
1.333333e+00 1.924343e-02
1.346667e+00 1.500867e-02
1.360000e+00 1.090915e-02
1.373333e+00 7.002663e-03
1.386667e+00 3.347013e-03
1.400000e+00 -2.642410e-16
1.413333e+00 -2.992792e-03
1.426667e+00 -5.634635e-03
1.440000e+00 -7.941018e-03
1.453333e+00 -9.927427e-03
1.466667e+00 -1.160935e-02
1.480000e+00 -1.300227e-02
1.493333e+00 -1.412168e-02
1.506667e+00 -1.498307e-02
1.520000e+00 -1.560192e-02
1.533333e+00 -1.599373e-02
1.546667e+00 -1.617397e-02
1.560000e+00 -1.615813e-02
1.573333e+00 -1.596171e-02
1.586667e+00 -1.560019e-02
1.600000e+00 -1.508905e-02
1.613333e+00 -1.444380e-02
1.626667e+00 -1.367990e-02
1.640000e+00 -1.281285e-02
1.653333e+00 -1.185814e-02
1.666667e+00 -1.083126e-02
1.680000e+00 -9.747688e-03
1.693333e+00 -8.622915e-03
1.706667e+00 -7.472429e-03
1.720000e+00 -6.311717e-03
1.733333e+00 -5.156267e-03
1.746667e+00 -4.021566e-03
1.760000e+00 -2.923101e-03
1.773333e+00 -1.876361e-03
1.786667e+00 -8.968309e-04
1.800000e+00 2.407312e-16
1.813333e+00 8.019178e-04
1.826667e+00 1.509799e-03
1.840000e+00 2.127795e-03
1.853333e+00 2.660053e-03
1.866667e+00 3.110725e-03
1.880000e+00 3.483960e-03
1.893333e+00 3.783907e-03
1.906667e+00 4.014717e-03
1.920000e+00 4.180540e-03
1.933333e+00 4.285525e-03
1.946667e+00 4.333822e-03
1.960000e+00 4.329581e-03
1.973333e+00 4.276951e-03
1.986667e+00 4.180083e-03
2.000000e+00 4.043127e-03
2.013333e+00 3.870231e-03
2.026667e+00 3.665546e-03
2.040000e+00 3.433222e-03
2.053333e+00 3.177409e-03
2.066667e+00 2.902256e-03
2.080000e+00 2.611913e-03
2.093333e+00 2.310530e-03
2.106667e+00 2.002256e-03
2.120000e+00 1.691243e-03
2.133333e+00 1.381638e-03
2.146667e+00 1.077593e-03
2.160000e+00 7.832567e-04
2.173333e+00 5.027793e-04
2.186667e+00 2.403104e-04
2.200000e+00 -4.553317e-17
2.213333e+00 -2.148791e-04
2.226667e+00 -4.045619e-04
2.240000e+00 -5.701601e-04
2.253333e+00 -7.127857e-04
2.266667e+00 -8.335503e-04
2.280000e+00 -9.335659e-04
2.293333e+00 -1.013944e-03
2.306667e+00 -1.075797e-03
2.320000e+00 -1.120237e-03
2.333333e+00 -1.148375e-03
2.346667e+00 -1.161322e-03
2.360000e+00 -1.160192e-03
2.373333e+00 -1.146096e-03
2.386667e+00 -1.120145e-03
2.400000e+00 -1.083452e-03
2.413333e+00 -1.037128e-03
2.426667e+00 -9.822857e-04
2.440000e+00 -9.200359e-04
2.453333e+00 -8.514910e-04
2.466667e+00 -7.777628e-04
2.480000e+00 -6.999630e-04
2.493333e+00 -6.192036e-04
2.506667e+00 -5.365963e-04
2.520000e+00 -4.532530e-04
2.533333e+00 -3.702855e-04
2.546667e+00 -2.888058e-04
2.560000e+00 -2.099255e-04
2.573333e+00 -1.347565e-04
2.586667e+00 -6.441076e-05
2.600000e+00 -5.551115e-18
2.613333e+00 5.759881e-05
2.626667e+00 1.084483e-04
2.640000e+00 1.528460e-04
2.653333e+00 1.910895e-04
2.666667e+00 2.234763e-04
2.680000e+00 2.503039e-04
2.693333e+00 2.718698e-04
2.706667e+00 2.884717e-04
2.720000e+00 3.004070e-04
2.733333e+00 3.079732e-04
2.746667e+00 3.114679e-04
2.760000e+00 3.111886e-04
2.773333e+00 3.074329e-04
2.786667e+00 3.004983e-04
2.800000e+00 2.906823e-04
2.813333e+00 2.782825e-04
2.826667e+00 2.635963e-04
2.840000e+00 2.469214e-04
2.853333e+00 2.285552e-04
2.866667e+00 2.087954e-04
2.880000e+00 1.879393e-04
2.893333e+00 1.662846e-04
2.906667e+00 1.441288e-04
2.920000e+00 1.217695e-04
2.933333e+00 9.950405e-05
2.946667e+00 7.763012e-05
2.960000e+00 5.644522e-05
2.973333e+00 3.624688e-05
2.986667e+00 1.733263e-05
3.000000e+00 6.591949e-18
3.013333e+00 -1.551611e-05
3.026667e+00 -2.923135e-05
3.040000e+00 -4.122404e-05
3.053333e+00 -5.157246e-05
3.066667e+00 -6.035491e-05
3.080000e+00 -6.764970e-05
3.093333e+00 -7.353512e-05
3.106667e+00 -7.808947e-05
3.120000e+00 -8.139105e-05
3.133333e+00 -8.351815e-05
3.146667e+00 -8.454908e-05
3.160000e+00 -8.456213e-05
3.173333e+00 -8.363560e-05
3.186667e+00 -8.184779e-05
3.200000e+00 -7.927699e-05
3.213333e+00 -7.600152e-05
3.226667e+00 -7.209965e-05
3.240000e+00 -6.764970e-05
3.253333e+00 -6.272996e-05
3.266667e+00 -5.741873e-05
3.280000e+00 -5.179430e-05
3.293333e+00 -4.593498e-05
3.306667e+00 -3.991907e-05
3.320000e+00 -3.382485e-05
3.333333e+00 -2.773064e-05
3.346667e+00 -2.171472e-05
3.360000e+00 -1.585540e-05
3.373333e+00 -1.023097e-05
3.386667e+00 -4.919741e-06
3.400000e+00 -3.469447e-18
3.413333e+00 4.465611e-06
3.426667e+00 8.477092e-06
3.440000e+00 1.205010e-05
3.453333e+00 1.520030e-05
3.466667e+00 1.794335e-05
3.480000e+00 2.029491e-05
3.493333e+00 2.227064e-05
3.506667e+00 2.388619e-05
3.520000e+00 2.515723e-05
3.533333e+00 2.609942e-05
3.546667e+00 2.672842e-05
3.560000e+00 2.705988e-05
3.573333e+00 2.710947e-05
3.586667e+00 2.689284e-05
3.600000e+00 2.642566e-05
3.613333e+00 2.572359e-05
3.626667e+00 2.480228e-05
3.640000e+00 2.367740e-05
3.653333e+00 2.236459e-05
3.666667e+00 2.087954e-05
3.680000e+00 1.923788e-05
3.693333e+00 1.745529e-05
3.706667e+00 1.554743e-05
3.720000e+00 1.352994e-05
3.733333e+00 1.141850e-05
3.746667e+00 9.228756e-06
3.760000e+00 6.976375e-06
3.773333e+00 4.677016e-06
3.786667e+00 2.346338e-06
3.800000e+00 2.428613e-18
3.813333e+00 0.000000e+00
3.826667e+00 0.000000e+00
3.840000e+00 0.000000e+00
3.853333e+00 0.000000e+00
3.866667e+00 0.000000e+00
3.880000e+00 0.000000e+00
3.893333e+00 0.000000e+00
3.906667e+00 0.000000e+00
3.920000e+00 0.000000e+00
3.933333e+00 0.000000e+00
3.946667e+00 0.000000e+00
3.960000e+00 0.000000e+00
3.973333e+00 0.000000e+00
3.986667e+00 0.000000e+00
4.000000e+00 0.000000e+00
