0.000000e+00 0.000000e+00
1.333333e-02 0.000000e+00
2.666667e-02 0.000000e+00
4.000000e-02 0.000000e+00
5.333333e-02 0.000000e+00
6.666667e-02 0.000000e+00
8.000000e-02 0.000000e+00
9.333333e-02 0.000000e+00
1.066667e-01 0.000000e+00
1.200000e-01 0.000000e+00
1.333333e-01 0.000000e+00
1.466667e-01 0.000000e+00
1.600000e-01 0.000000e+00
1.733333e-01 0.000000e+00
1.866667e-01 0.000000e+00
2.000000e-01 0.000000e+00
2.133333e-01 3.226948e-01
2.266667e-01 6.445760e-01
2.400000e-01 9.648302e-01
2.533333e-01 1.282644e+00
2.666667e-01 1.597204e+00
2.800000e-01 1.907696e+00
2.933333e-01 2.213307e+00
3.066667e-01 2.513223e+00
3.200000e-01 2.806631e+00
3.333333e-01 3.092718e+00
3.466667e-01 3.370669e+00
3.600000e-01 3.639672e+00
3.733333e-01 3.898913e+00
3.866667e-01 4.147578e+00
4.000000e-01 4.384854e+00
4.133333e-01 4.609927e+00
4.266667e-01 4.821983e+00
4.400000e-01 5.020210e+00
4.533333e-01 5.203794e+00
4.666667e-01 5.371921e+00
4.800000e-01 5.523778e+00
4.933333e-01 5.658551e+00
5.066667e-01 5.775427e+00
5.200000e-01 5.873592e+00
5.333333e-01 5.952232e+00
5.466667e-01 6.010535e+00
5.600000e-01 6.047686e+00
5.733333e-01 6.062872e+00
5.866667e-01 6.055280e+00
6.000000e-01 6.024096e+00
6.133333e-01 5.968874e+00
6.266667e-01 5.890637e+00
6.400000e-01 5.790775e+00
6.533333e-01 5.670677e+00
6.666667e-01 5.531736e+00
6.800000e-01 5.375339e+00
6.933333e-01 5.202879e+00
7.066667e-01 5.015744e+00
7.200000e-01 4.815326e+00
7.333333e-01 4.603014e+00
7.466667e-01 4.380198e+00
7.600000e-01 4.148269e+00
7.733333e-01 3.908617e+00
7.866667e-01 3.662632e+00
8.000000e-01 3.411705e+00
8.133333e-01 3.157224e+00
8.266667e-01 2.900582e+00
8.400000e-01 2.643168e+00
8.533333e-01 2.386371e+00
8.666667e-01 2.131583e+00
8.800000e-01 1.880193e+00
8.933333e-01 1.633592e+00
9.066667e-01 1.393170e+00
9.200000e-01 1.160317e+00
9.333333e-01 9.364234e-01
9.466667e-01 7.228790e-01
9.600000e-01 5.210743e-01
9.733333e-01 3.323994e-01
9.866667e-01 1.582446e-01
1.000000e+00 1.421085e-14
1.013333e+00 -1.412977e-01
1.026667e+00 -2.660263e-01
1.040000e+00 -3.749168e-01
1.053333e+00 -4.687004e-01
1.066667e+00 -5.481085e-01
1.080000e+00 -6.138721e-01
1.093333e+00 -6.667226e-01
1.106667e+00 -7.073910e-01
1.120000e+00 -7.366086e-01
1.133333e+00 -7.551066e-01
1.146667e+00 -7.636162e-01
1.160000e+00 -7.628686e-01
1.173333e+00 -7.535950e-01
1.186667e+00 -7.365265e-01
1.200000e+00 -7.123945e-01
1.213333e+00 -6.819301e-01
1.226667e+00 -6.458645e-01
1.240000e+00 -6.049289e-01
1.253333e+00 -5.598545e-01
1.266667e+00 -5.113726e-01
1.280000e+00 -4.602142e-01
1.293333e+00 -4.071107e-01
1.306667e+00 -3.527932e-01
1.320000e+00 -2.979929e-01
1.333333e+00 -2.434410e-01
1.346667e+00 -1.898687e-01
1.360000e+00 -1.380073e-01
1.373333e+00 -8.858790e-02
1.386667e+00 -4.234174e-02
1.400000e+00 3.342808e-15
1.413333e+00 3.786062e-02
1.426667e+00 7.128153e-02
1.440000e+00 1.004587e-01
1.453333e+00 1.255879e-01
1.466667e+00 1.468653e-01
1.480000e+00 1.644866e-01
1.493333e+00 1.786478e-01
1.506667e+00 1.895449e-01
1.520000e+00 1.973737e-01
1.533333e+00 2.023303e-01
1.546667e+00 2.046104e-01
1.560000e+00 2.044101e-01
1.573333e+00 2.019252e-01
1.586667e+00 1.973518e-01
1.600000e+00 1.908856e-01
1.613333e+00 1.827227e-01
1.626667e+00 1.730590e-01
1.640000e+00 1.620903e-01
1.653333e+00 1.500127e-01
1.666667e+00 1.370220e-01
1.680000e+00 1.233141e-01
1.693333e+00 1.090851e-01
1.706667e+00 9.453073e-02
1.720000e+00 7.984702e-02
1.733333e+00 6.522988e-02
1.746667e+00 5.087523e-02
1.760000e+00 3.697899e-02
1.773333e+00 2.373709e-02
1.786667e+00 1.134545e-02
1.800000e+00 -3.045395e-15
1.813333e+00 -1.014474e-02
1.826667e+00 -1.909987e-02
1.840000e+00 -2.691788e-02
1.853333e+00 -3.365127e-02
1.866667e+00 -3.935254e-02
1.880000e+00 -4.407419e-02
1.893333e+00 -4.786871e-02
1.906667e+00 -5.078859e-02
1.920000e+00 -5.288635e-02
1.933333e+00 -5.421447e-02
1.946667e+00 -5.482546e-02
1.960000e+00 -5.477181e-02
1.973333e+00 -5.410601e-02
1.986667e+00 -5.288057e-02
2.000000e+00 -5.114799e-02
2.013333e+00 -4.896075e-02
2.026667e+00 -4.637137e-02
2.040000e+00 -4.343233e-02
2.053333e+00 -4.019614e-02
2.066667e+00 -3.671528e-02
2.080000e+00 -3.304227e-02
2.093333e+00 -2.922959e-02
2.106667e+00 -2.532975e-02
2.120000e+00 -2.139524e-02
2.133333e+00 -1.747855e-02
2.146667e+00 -1.363220e-02
2.160000e+00 -9.908669e-03
2.173333e+00 -6.360461e-03
2.186667e+00 -3.040072e-03
2.200000e+00 5.760220e-16
2.213333e+00 2.718351e-03
2.226667e+00 5.117952e-03
2.240000e+00 7.212869e-03
2.253333e+00 9.017168e-03
2.266667e+00 1.054491e-02
2.280000e+00 1.181017e-02
2.293333e+00 1.282701e-02
2.306667e+00 1.360948e-02
2.320000e+00 1.417167e-02
2.333333e+00 1.452763e-02
2.346667e+00 1.469143e-02
2.360000e+00 1.467713e-02
2.373333e+00 1.449881e-02
2.386667e+00 1.417051e-02
2.400000e+00 1.370632e-02
2.413333e+00 1.312030e-02
2.426667e+00 1.242651e-02
2.440000e+00 1.163901e-02
2.453333e+00 1.077187e-02
2.466667e+00 9.839168e-03
2.480000e+00 8.854954e-03
2.493333e+00 7.833298e-03
2.506667e+00 6.788266e-03
2.520000e+00 5.733923e-03
2.533333e+00 4.684335e-03
2.546667e+00 3.653567e-03
2.560000e+00 2.655684e-03
2.573333e+00 1.704751e-03
2.586667e+00 8.148350e-04
2.600000e+00 7.771561e-17
2.613333e+00 -7.286597e-04
2.626667e+00 -1.371937e-03
2.640000e+00 -1.933595e-03
2.653333e+00 -2.417398e-03
2.666667e+00 -2.827110e-03
2.680000e+00 -3.166495e-03
2.693333e+00 -3.439317e-03
2.706667e+00 -3.649341e-03
2.720000e+00 -3.800329e-03
2.733333e+00 -3.896046e-03
2.746667e+00 -3.940256e-03
2.760000e+00 -3.936724e-03
2.773333e+00 -3.889212e-03
2.786667e+00 -3.801485e-03
2.800000e+00 -3.677306e-03
2.813333e+00 -3.520441e-03
2.826667e+00 -3.334652e-03
2.840000e+00 -3.123705e-03
2.853333e+00 -2.891362e-03
2.866667e+00 -2.641387e-03
2.880000e+00 -2.377546e-03
2.893333e+00 -2.103601e-03
2.906667e+00 -1.823317e-03
2.920000e+00 -1.540457e-03
2.933333e+00 -1.258786e-03
2.946667e+00 -9.820678e-04
2.960000e+00 -7.140660e-04
2.973333e+00 -4.585448e-04
2.986667e+00 -2.192682e-04
3.000000e+00 -8.326673e-17
3.013333e+00 1.962881e-04
3.026667e+00 3.697942e-04
3.040000e+00 5.215089e-04
3.053333e+00 6.524227e-04
3.066667e+00 7.635260e-04
3.080000e+00 8.558095e-04
3.093333e+00 9.302636e-04
3.106667e+00 9.878788e-04
3.120000e+00 1.029646e-03
3.133333e+00 1.056555e-03
3.146667e+00 1.069597e-03
3.160000e+00 1.069762e-03
3.173333e+00 1.058041e-03
3.186667e+00 1.035424e-03
3.200000e+00 1.002902e-03
3.213333e+00 9.614650e-04
3.226667e+00 9.121040e-04
3.240000e+00 8.558095e-04
3.253333e+00 7.935718e-04
3.266667e+00 7.263815e-04
3.280000e+00 6.552291e-04
3.293333e+00 5.811052e-04
3.306667e+00 5.050002e-04
3.320000e+00 4.279047e-04
3.333333e+00 3.508092e-04
3.346667e+00 2.747043e-04
3.360000e+00 2.005803e-04
3.373333e+00 1.294280e-04
3.386667e+00 6.223769e-05
3.400000e+00 4.371503e-17
3.413333e+00 -5.649267e-05
3.426667e+00 -1.072403e-04
3.440000e+00 -1.524411e-04
3.453333e+00 -1.922930e-04
3.466667e+00 -2.269942e-04
3.480000e+00 -2.567428e-04
3.493333e+00 -2.817370e-04
3.506667e+00 -3.021747e-04
3.520000e+00 -3.182541e-04
3.533333e+00 -3.301734e-04
3.546667e+00 -3.381306e-04
3.560000e+00 -3.423238e-04
3.573333e+00 -3.429511e-04
3.586667e+00 -3.402107e-04
3.600000e+00 -3.343006e-04
3.613333e+00 -3.254189e-04
3.626667e+00 -3.137638e-04
3.640000e+00 -2.995333e-04
3.653333e+00 -2.829256e-04
3.666667e+00 -2.641387e-04
3.680000e+00 -2.433708e-04
3.693333e+00 -2.208200e-04
3.706667e+00 -1.966843e-04
3.720000e+00 -1.711619e-04
3.733333e+00 -1.444509e-04
3.746667e+00 -1.167493e-04
3.760000e+00 -8.825535e-05
3.773333e+00 -5.916707e-05
3.786667e+00 -2.968259e-05
3.800000e+00 -3.053113e-17
3.813333e+00 0.000000e+00
3.826667e+00 0.000000e+00
3.840000e+00 0.000000e+00
3.853333e+00 0.000000e+00
3.866667e+00 0.000000e+00
3.880000e+00 0.000000e+00
3.893333e+00 0.000000e+00
3.906667e+00 0.000000e+00
3.920000e+00 0.000000e+00
3.933333e+00 0.000000e+00
3.946667e+00 0.000000e+00
3.960000e+00 0.000000e+00
3.973333e+00 0.000000e+00
3.986667e+00 0.000000e+00
4.000000e+00 0.000000e+00
