0       0.00667 0.01333 0.00002
0.01333 0.02000 0.02667 0.00008
0.02667 0.03333 0.04000 0.00012
0.04000 0.04667 0.05333 0.00071
0.05333 0.06000 0.06667 0.00129
0.06667 0.07333 0.08000 0.00184
0.08000 0.08667 0.09333 0.00238
0.09333 0.10000 0.10667 0.00291
0.10667 0.11333 0.12000 0.00342
0.12000 0.12667 0.13333 0.00391
0.13333 0.14000 0.14667 0.00438
0.14667 0.15333 0.16000 0.00484
0.16000 0.16667 0.17333 0.00529
0.17333 0.18000 0.18667 0.00572
0.18667 0.19333 0.20000 0.00613
0.20000 0.20667 0.21333 0.00653
0.21333 0.22000 0.22667 0.00692
0.22667 0.23333 0.24000 0.00729
0.24000 0.24667 0.25333 0.00765
0.25333 0.26000 0.26667 0.00799
0.26667 0.27333 0.28000 0.00832
0.28000 0.28667 0.29333 0.00864
0.29333 0.30000 0.30667 0.00894
0.30667 0.31333 0.32000 0.00923
0.32000 0.32667 0.33333 0.00951
0.33333 0.34000 0.34667 0.00978
0.34667 0.35333 0.36000 0.01003
0.36000 0.36667 0.37333 0.01027
0.37333 0.38000 0.38667 0.01050
0.38667 0.39333 0.40000 0.01072
0.40000 0.40667 0.41333 0.01092
0.41333 0.42000 0.42667 0.01112
0.42667 0.43333 0.44000 0.01130
0.44000 0.44667 0.45333 0.01148
0.45333 0.46000 0.46667 0.01164
0.46667 0.47333 0.48000 0.01179
0.48000 0.48667 0.49333 0.01194
0.49333 0.50000 0.50667 0.01207
0.50667 0.51333 0.52000 0.01219
0.52000 0.52667 0.53333 0.01231
0.53333 0.54000 0.54667 0.01241
0.54667 0.55333 0.56000 0.01251
0.56000 0.56667 0.57333 0.01260
0.57333 0.58000 0.58667 0.01268
0.58667 0.59333 0.60000 0.01275
0.60000 0.60667 0.61333 0.01281
0.61333 0.62000 0.62667 0.01287
0.62667 0.63333 0.64000 0.01291
0.64000 0.64667 0.65333 0.01295
0.65333 0.66000 0.66667 0.01299
0.66667 0.67333 0.68000 0.01301
0.68000 0.68667 0.69333 0.01303
0.69333 0.70000 0.70667 0.01305
0.70667 0.71333 0.72000 0.01306
0.72000 0.72667 0.73333 0.01306
0.73333 0.74000 0.74667 0.01306
0.74667 0.75333 0.76000 0.01305
0.76000 0.76667 0.77333 0.01303
0.77333 0.78000 0.78667 0.01302
0.78667 0.79333 0.80000 0.01300
0.80000 0.80667 0.81333 0.01297
0.81333 0.82000 0.82667 0.01294
0.82667 0.83333 0.84000 0.01291
0.84000 0.84667 0.85333 0.01287
0.85333 0.86000 0.86667 0.01283
0.86667 0.87333 0.88000 0.01279
0.88000 0.88667 0.89333 0.01275
0.89333 0.90000 0.90667 0.01270
0.90667 0.91333 0.92000 0.01265
0.92000 0.92667 0.93333 0.01260
0.93333 0.94000 0.94667 0.01255
0.94667 0.95333 0.96000 0.01250
0.96000 0.96667 0.97333 0.01245
0.97333 0.98000 0.98667 0.01239
0.98667 0.99333 1.00000 0.01234
1.00000 1.00667 1.01333 0.01229
1.01333 1.02000 1.02667 0.01223
1.02667 1.03333 1.04000 0.01218
1.04000 1.04667 1.05333 0.01213
1.05333 1.06000 1.06667 0.01207
1.06667 1.07333 1.08000 0.01202
1.08000 1.08667 1.09333 0.01197
1.09333 1.10000 1.10667 0.01192
1.10667 1.11333 1.12000 0.01187
1.12000 1.12667 1.13333 0.01181
1.13333 1.14000 1.14667 0.01176
1.14667 1.15333 1.16000 0.01171
1.16000 1.16667 1.17333 0.01166
1.17333 1.18000 1.18667 0.01162
1.18667 1.19333 1.20000 0.01157
1.20000 1.20667 1.21333 0.01152
1.21333 1.22000 1.22667 0.01147
1.22667 1.23333 1.24000 0.01143
1.24000 1.24667 1.25333 0.01138
1.25333 1.26000 1.26667 0.01134
1.26667 1.27333 1.28000 0.01129
1.28000 1.28667 1.29333 0.01125
1.29333 1.30000 1.30667 0.01121
1.30667 1.31333 1.32000 0.01116
1.32000 1.32667 1.33333 0.01112
1.33333 1.34000 1.34667 0.01108
1.34667 1.35333 1.36000 0.01105
1.36000 1.36667 1.37333 0.01101
1.37333 1.38000 1.38667 0.01097
1.38667 1.39333 1.40000 0.01094
1.40000 1.40667 1.41333 0.01090
1.41333 1.42000 1.42667 0.01087
1.42667 1.43333 1.44000 0.01084
1.44000 1.44667 1.45333 0.01080
1.45333 1.46000 1.46667 0.01077
1.46667 1.47333 1.48000 0.01074
1.48000 1.48667 1.49333 0.01071
1.49333 1.50000 1.50667 0.01068
1.50667 1.51333 1.52000 0.01065
1.52000 1.52667 1.53333 0.01061
1.53333 1.54000 1.54667 0.01058
1.54667 1.55333 1.56000 0.01055
1.56000 1.56667 1.57333 0.01051
1.57333 1.58000 1.58667 0.01047
1.58667 1.59333 1.60000 0.01043
1.60000 1.60667 1.61333 0.01039
1.61333 1.62000 1.62667 0.01035
1.62667 1.63333 1.64000 0.01031
1.64000 1.64667 1.65333 0.01026
1.65333 1.66000 1.66667 0.01021
1.66667 1.67333 1.68000 0.01016
1.68000 1.68667 1.69333 0.01010
1.69333 1.70000 1.70667 0.01005
1.70667 1.71333 1.72000 0.00998
1.72000 1.72667 1.73333 0.00992
1.73333 1.74000 1.74667 0.00985
1.74667 1.75333 1.76000 0.00978
1.76000 1.76667 1.77333 0.00970
1.77333 1.78000 1.78667 0.00962
1.78667 1.79333 1.80000 0.00953
1.80000 1.80667 1.81333 0.00944
1.81333 1.82000 1.82667 0.00934
1.82667 1.83333 1.84000 0.00924
1.84000 1.84667 1.85333 0.00914
1.85333 1.86000 1.86667 0.00903
1.86667 1.87333 1.88000 0.00892
1.88000 1.88667 1.89333 0.00880
1.89333 1.90000 1.90667 0.00869
1.90667 1.91333 1.92000 0.00857
1.92000 1.92667 1.93333 0.00844
1.93333 1.94000 1.94667 0.00832
1.94667 1.95333 1.96000 0.00820
1.96000 1.96667 1.97333 0.00807
1.97333 1.98000 1.98667 0.00794
1.98667 1.99333 2.00000 0.00782
2.00000 2.00667 2.01333 0.00769
2.01333 2.02000 2.02667 0.00756
2.02667 2.03333 2.04000 0.00744
2.04000 2.04667 2.05333 0.00731
2.05333 2.06000 2.06667 0.00719
2.06667 2.07333 2.08000 0.00707
2.08000 2.08667 2.09333 0.00695
2.09333 2.10000 2.10667 0.00683
2.10667 2.11333 2.12000 0.00672
2.12000 2.12667 2.13333 0.00661
2.13333 2.14000 2.14667 0.00650
2.14667 2.15333 2.16000 0.00640
2.16000 2.16667 2.17333 0.00630
2.17333 2.18000 2.18667 0.00620
2.18667 2.19333 2.20000 0.00611
2.20000 2.20667 2.21333 0.00603
2.21333 2.22000 2.22667 0.00595
2.22667 2.23333 2.24000 0.00587
2.24000 2.24667 2.25333 0.00580
2.25333 2.26000 2.26667 0.00573
2.26667 2.27333 2.28000 0.00567
2.28000 2.28667 2.29333 0.00561
2.29333 2.30000 2.30667 0.00556
2.30667 2.31333 2.32000 0.00551
2.32000 2.32667 2.33333 0.00546
2.33333 2.34000 2.34667 0.00541
2.34667 2.35333 2.36000 0.00537
2.36000 2.36667 2.37333 0.00533
2.37333 2.38000 2.38667 0.00529
2.38667 2.39333 2.40000 0.00526
2.40000 2.40667 2.41333 0.00522
2.41333 2.42000 2.42667 0.00519
2.42667 2.43333 2.44000 0.00515
2.44000 2.44667 2.45333 0.00512
2.45333 2.46000 2.46667 0.00509
2.46667 2.47333 2.48000 0.00505
2.48000 2.48667 2.49333 0.00502
2.49333 2.50000 2.50667 0.00499
2.50667 2.51333 2.52000 0.00495
2.52000 2.52667 2.53333 0.00492
2.53333 2.54000 2.54667 0.00488
2.54667 2.55333 2.56000 0.00485
2.56000 2.56667 2.57333 0.00481
2.57333 2.58000 2.58667 0.00477
2.58667 2.59333 2.60000 0.00472
2.60000 2.60667 2.61333 0.00468
2.61333 2.62000 2.62667 0.00463
2.62667 2.63333 2.64000 0.00458
2.64000 2.64667 2.65333 0.00452
2.65333 2.66000 2.66667 0.00447
2.66667 2.67333 2.68000 0.00441
2.68000 2.68667 2.69333 0.00435
2.69333 2.70000 2.70667 0.00429
2.70667 2.71333 2.72000 0.00422
2.72000 2.72667 2.73333 0.00416
2.73333 2.74000 2.74667 0.00409
2.74667 2.75333 2.76000 0.00402
2.76000 2.76667 2.77333 0.00395
2.77333 2.78000 2.78667 0.00388
2.78667 2.79333 2.80000 0.00381
2.80000 2.80667 2.81333 0.00374
2.81333 2.82000 2.82667 0.00367
2.82667 2.83333 2.84000 0.00359
2.84000 2.84667 2.85333 0.00352
2.85333 2.86000 2.86667 0.00345
2.86667 2.87333 2.88000 0.00337
2.88000 2.88667 2.89333 0.00330
2.89333 2.90000 2.90667 0.00322
2.90667 2.91333 2.92000 0.00315
2.92000 2.92667 2.93333 0.00307
2.93333 2.94000 2.94667 0.00300
2.94667 2.95333 2.96000 0.00292
2.96000 2.96667 2.97333 0.00285
2.97333 2.98000 2.98667 0.00278
2.98667 2.99333 3.00000 0.00271
3.00000 3.00667 3.01333 0.00264
3.01333 3.02000 3.02667 0.00257
3.02667 3.03333 3.04000 0.00250
3.04000 3.04667 3.05333 0.00243
3.05333 3.06000 3.06667 0.00237
3.06667 3.07333 3.08000 0.00230
3.08000 3.08667 3.09333 0.00224
3.09333 3.10000 3.10667 0.00218
3.10667 3.11333 3.12000 0.00211
3.12000 3.12667 3.13333 0.00205
3.13333 3.14000 3.14667 0.00199
3.14667 3.15333 3.16000 0.00194
3.16000 3.16667 3.17333 0.00188
3.17333 3.18000 3.18667 0.00182
3.18667 3.19333 3.20000 0.00177
3.20000 3.20667 3.21333 0.00171
3.21333 3.22000 3.22667 0.00166
3.22667 3.23333 3.24000 0.00161
3.24000 3.24667 3.25333 0.00156
3.25333 3.26000 3.26667 0.00151
3.26667 3.27333 3.28000 0.00146
3.28000 3.28667 3.29333 0.00141
3.29333 3.30000 3.30667 0.00136
3.30667 3.31333 3.32000 0.00131
3.32000 3.32667 3.33333 0.00127
3.33333 3.34000 3.34667 0.00122
3.34667 3.35333 3.36000 0.00118
3.36000 3.36667 3.37333 0.00114
3.37333 3.38000 3.38667 0.00110
3.38667 3.39333 3.40000 0.00106
3.40000 3.40667 3.41333 0.00102
3.41333 3.42000 3.42667 0.00098
3.42667 3.43333 3.44000 0.00094
3.44000 3.44667 3.45333 0.00090
3.45333 3.46000 3.46667 0.00087
3.46667 3.47333 3.48000 0.00083
3.48000 3.48667 3.49333 0.00080
3.49333 3.50000 3.50667 0.00076
3.50667 3.51333 3.52000 0.00073
3.52000 3.52667 3.53333 0.00070
3.53333 3.54000 3.54667 0.00067
3.54667 3.55333 3.56000 0.00065
3.56000 3.56667 3.57333 0.00062
3.57333 3.58000 3.58667 0.00059
3.58667 3.59333 3.60000 0.00057
3.60000 3.60667 3.61333 0.00054
3.61333 3.62000 3.62667 0.00052
3.62667 3.63333 3.64000 0.00050
3.64000 3.64667 3.65333 0.00048
3.65333 3.66000 3.66667 0.00046
3.66667 3.67333 3.68000 0.00045
3.68000 3.68667 3.69333 0.00043
3.69333 3.70000 3.70667 0.00042
3.70667 3.71333 3.72000 0.00041
3.72000 3.72667 3.73333 0.00039
3.73333 3.74000 3.74667 0.00038
3.74667 3.75333 3.76000 0.00038
3.76000 3.76667 3.77333 0.00037
3.77333 3.78000 3.78667 0.00036
3.78667 3.79333 3.80000 0.00036
3.80000 3.80667 3.81333 0.00036
3.81333 3.82000 3.82667 0.00036
3.82667 3.83333 3.84000 0.00036
3.84000 3.84667 3.85333 0.00036
3.85333 3.86000 3.86667 0.00037
3.86667 3.87333 3.88000 0.00037
3.88000 3.88667 3.89333 0.00038
3.89333 3.90000 3.90667 0.00039
3.90667 3.91333 3.92000 0.00040
3.92000 3.92667 3.93333 0.00041
3.93333 3.94000 3.94667 0.00043
3.94667 3.95333 3.96000 0.00044
3.96000 3.96667 3.97333 0.00046
3.97333 3.98000 3.98667 0.00048
3.98667 3.99333 4.00000 0.00050
