0.000000e+00 0.000000e+00
1.333333e-02 -1.137511e-50
2.666667e-02 -1.787517e-50
4.000000e-02 7.897574e-50
5.333333e-02 -9.912593e-50
6.666667e-02 -2.226271e-49
8.000000e-02 1.079335e-48
9.333333e-02 -1.376388e-48
1.066667e-01 -3.098904e-48
1.200000e-01 1.503172e-47
1.333333e-01 -1.917031e-47
1.466667e-01 -4.316203e-47
1.600000e-01 2.093647e-46
1.733333e-01 -2.670079e-46
1.866667e-01 -6.011695e-46
2.000000e-01 2.916074e-45
2.133333e-01 -3.718940e-45
2.266667e-01 -8.373211e-45
2.400000e-01 4.061567e-44
2.533333e-01 -5.179815e-44
2.666667e-01 -1.166238e-43
2.800000e-01 5.657033e-43
2.933333e-01 -7.214552e-43
3.066667e-01 -1.624360e-42
3.200000e-01 7.879231e-42
3.333333e-01 -1.004857e-41
3.466667e-01 -2.262441e-41
3.600000e-01 1.097435e-40
3.733333e-01 -1.399586e-40
3.866667e-01 -3.151174e-40
4.000000e-01 1.528530e-39
4.133333e-01 -1.949372e-39
4.266667e-01 -4.389020e-39
4.400000e-01 2.128968e-38
4.533333e-01 -2.715125e-38
4.666667e-01 -6.113116e-38
4.800000e-01 2.965270e-37
4.933333e-01 -3.781681e-37
5.066667e-01 -8.514472e-37
5.200000e-01 4.130088e-36
5.333333e-01 -5.267202e-36
5.466667e-01 -1.185913e-35
5.600000e-01 5.752471e-35
5.733333e-01 -7.336266e-35
5.866667e-01 -1.651764e-34
6.000000e-01 8.012158e-34
6.133333e-01 -1.021810e-33
6.266667e-01 -2.300610e-33
6.400000e-01 1.115950e-32
6.533333e-01 -1.423198e-32
6.666667e-01 -3.204336e-32
6.800000e-01 1.554317e-31
6.933333e-01 -1.982259e-31
7.066667e-01 -4.463065e-31
7.200000e-01 2.164885e-30
7.333333e-01 -2.760930e-30
7.466667e-01 -6.216247e-30
7.600000e-01 3.015295e-29
7.733333e-01 -3.845480e-29
7.866667e-01 -8.658116e-29
8.000000e-01 4.199765e-28
8.133333e-01 -5.356062e-28
8.266667e-01 -1.205920e-27
8.400000e-01 5.849518e-27
8.533333e-01 -7.460032e-27
8.666667e-01 -1.679630e-26
8.800000e-01 8.147327e-26
8.933333e-01 -1.039048e-25
9.066667e-01 -2.339423e-25
9.200000e-01 1.134776e-24
9.333333e-01 -1.447208e-24
9.466667e-01 -3.258395e-24
9.600000e-01 1.580539e-23
9.733333e-01 -2.015700e-23
9.866667e-01 -4.538359e-23
1.000000e+00 2.201408e-22
1.013333e+00 -2.807509e-22
1.026667e+00 -6.321119e-22
1.040000e+00 3.066165e-21
1.053333e+00 -3.910355e-21
1.066667e+00 -8.804183e-21
1.080000e+00 4.270617e-20
1.093333e+00 -5.446422e-20
1.106667e+00 -1.226264e-19
1.120000e+00 5.948202e-19
1.133333e+00 -7.585887e-19
1.146667e+00 -1.707966e-18
1.160000e+00 8.284777e-18
1.173333e+00 -1.056578e-17
1.186667e+00 -2.378890e-17
1.200000e+00 1.153921e-16
1.213333e+00 -1.471623e-16
1.226667e+00 -3.313366e-16
1.240000e+00 1.607204e-15
1.253333e+00 -2.049706e-15
1.266667e+00 -4.614924e-15
1.280000e+00 2.238546e-14
1.293333e+00 -2.854873e-14
1.306667e+00 -6.427760e-14
1.320000e+00 3.117893e-13
1.333333e+00 -3.976325e-13
1.346667e+00 -8.952714e-13
1.360000e+00 4.342665e-12
1.373333e+00 -5.538306e-12
1.386667e+00 -1.246952e-11
1.400000e+00 6.048552e-11
1.413333e+00 -7.713865e-11
1.426667e+00 -1.736780e-10
1.440000e+00 8.424546e-10
1.453333e+00 -1.074403e-09
1.466667e+00 -2.419023e-09
1.480000e+00 1.173388e-08
1.493333e+00 -1.496450e-08
1.506667e+00 -3.369264e-08
1.520000e+00 1.634318e-07
1.533333e+00 -2.084286e-07
1.546667e+00 -4.692780e-07
1.560000e+00 2.276312e-06
1.573333e+00 -2.903036e-06
1.586667e+00 -6.536199e-06
1.600000e+00 3.170494e-05
1.613333e+00 -4.043408e-05
1.626667e+00 -9.103751e-05
1.640000e+00 4.415928e-04
1.653333e+00 -5.631740e-04
1.666667e+00 -1.267989e-03
1.680000e+00 6.150594e-03
1.693333e+00 -7.844002e-03
1.706667e+00 -1.766081e-02
1.720000e+00 8.566672e-02
1.733333e+00 -1.092529e-01
1.746667e+00 -2.459833e-01
1.760000e+00 1.590911e+00
1.773333e+00 3.427806e+00
1.786667e+00 3.291076e+00
1.800000e+00 3.096155e+00
1.813333e+00 3.199485e+00
1.826667e+00 3.189670e+00
1.840000e+00 3.175657e+00
1.853333e+00 3.183111e+00
1.866667e+00 3.182432e+00
1.880000e+00 3.181161e+00
1.893333e+00 3.182195e+00
1.906667e+00 3.182495e+00
1.920000e+00 3.178726e+00
1.933333e+00 3.185738e+00
1.946667e+00 3.190626e+00
1.960000e+00 3.139134e+00
1.973333e+00 3.236263e+00
1.986667e+00 3.304394e+00
2.000000e+00 2.389092e+00
2.013333e+00 1.473845e+00
2.026667e+00 1.542000e+00
2.040000e+00 1.638857e+00
2.053333e+00 1.587875e+00
2.066667e+00 1.593120e+00
2.080000e+00 1.596371e+00
2.093333e+00 1.599696e+00
2.106667e+00 1.604973e+00
2.120000e+00 1.553632e+00
2.133333e+00 1.651162e+00
2.146667e+00 1.719788e+00
2.160000e+00 7.982121e-01
2.173333e+00 -1.234187e-01
2.186667e+00 -5.481608e-02
2.200000e+00 4.298207e-02
2.213333e+00 -8.861062e-03
2.226667e+00 -3.935618e-03
2.240000e+00 3.085974e-03
2.253333e+00 -6.361956e-04
2.266667e+00 -2.825646e-04
2.280000e+00 2.215630e-04
2.293333e+00 -4.567679e-05
2.306667e+00 -2.028723e-05
2.320000e+00 1.590751e-05
2.333333e+00 -3.279446e-06
2.346667e+00 -1.456557e-06
2.360000e+00 1.142107e-06
2.373333e+00 -2.354536e-07
2.386667e+00 -1.045761e-07
2.400000e+00 8.199963e-08
2.413333e+00 -1.690481e-08
2.426667e+00 -7.508228e-09
2.440000e+00 5.887308e-09
2.453333e+00 -1.213711e-09
2.466667e+00 -5.390665e-10
2.480000e+00 4.226897e-10
2.493333e+00 -8.714051e-11
2.506667e+00 -3.870323e-11
2.520000e+00 3.034776e-11
2.533333e+00 -6.256407e-12
2.546667e+00 -2.778767e-12
2.560000e+00 2.178871e-12
2.573333e+00 -4.491898e-13
2.586667e+00 -1.995065e-13
2.600000e+00 1.564359e-13
2.613333e+00 -3.225038e-14
2.626667e+00 -1.432392e-14
2.640000e+00 1.123159e-14
2.653333e+00 -2.315473e-15
2.666667e+00 -1.028411e-15
2.680000e+00 8.063920e-16
2.693333e+00 -1.662435e-16
2.706667e+00 -7.383661e-17
2.720000e+00 5.789634e-17
2.733333e+00 -1.193575e-17
2.746667e+00 -5.301230e-18
2.760000e+00 4.156770e-18
2.773333e+00 -8.569480e-19
2.786667e+00 -3.806112e-19
2.800000e+00 2.984427e-19
2.813333e+00 -6.152609e-20
2.826667e+00 -2.732666e-20
2.840000e+00 2.142722e-20
2.853333e+00 -4.417375e-21
2.866667e+00 -1.961966e-21
2.880000e+00 1.538405e-21
2.893333e+00 -3.171532e-22
2.906667e+00 -1.408628e-22
2.920000e+00 1.104525e-22
2.933333e+00 -2.277058e-23
2.946667e+00 -1.011349e-23
2.960000e+00 7.930134e-24
2.973333e+00 -1.634854e-24
2.986667e+00 -7.261162e-25
3.000000e+00 5.693580e-25
3.013333e+00 -1.173772e-25
3.026667e+00 -5.213279e-26
3.040000e+00 4.087807e-26
3.053333e+00 -8.427306e-27
3.066667e+00 -3.742966e-27
3.080000e+00 2.934913e-27
3.093333e+00 -6.050534e-28
3.106667e+00 -2.687329e-28
3.120000e+00 2.107173e-28
3.133333e+00 -4.344088e-29
3.146667e+00 -1.929415e-29
3.160000e+00 1.512882e-29
3.173333e+00 -3.118915e-30
3.186667e+00 -1.385258e-30
3.200000e+00 1.086200e-30
3.213333e+00 -2.239280e-31
3.226667e+00 -9.945704e-32
3.240000e+00 7.798568e-32
3.253333e+00 -1.607731e-32
3.266667e+00 -7.140694e-33
3.280000e+00 5.599120e-33
3.293333e+00 -1.154299e-33
3.306667e+00 -5.126788e-34
3.320000e+00 4.019987e-34
3.333333e+00 -8.287492e-35
3.346667e+00 -3.680868e-35
3.360000e+00 2.886221e-35
3.373333e+00 -5.950151e-36
3.386667e+00 -2.642744e-36
3.400000e+00 2.072214e-36
3.413333e+00 -4.272017e-37
3.426667e+00 -1.897405e-37
3.440000e+00 1.487782e-37
3.453333e+00 -3.067170e-38
3.466667e+00 -1.362276e-38
3.480000e+00 1.068180e-38
3.493333e+00 -2.202129e-39
3.506667e+00 -9.780698e-40
3.520000e+00 7.669185e-40
3.533333e+00 -1.581057e-40
3.546667e+00 -7.022225e-41
3.560000e+00 5.506227e-41
3.573333e+00 -1.135148e-41
3.586667e+00 -5.041731e-42
3.600000e+00 3.953293e-42
3.613333e+00 -8.149997e-43
3.626667e+00 -3.619800e-43
3.640000e+00 2.838337e-43
3.653333e+00 -5.851435e-44
3.666667e+00 -2.598899e-44
3.680000e+00 2.037834e-44
3.693333e+00 -4.201141e-45
3.706667e+00 -1.865926e-45
3.720000e+00 1.463099e-45
3.733333e+00 -3.016284e-46
3.746667e+00 -1.339675e-46
3.760000e+00 1.050458e-46
3.773333e+00 -2.165594e-47
3.786667e+00 -9.618430e-48
3.800000e+00 7.541948e-48
3.813333e+00 -1.554827e-48
3.826667e+00 -6.905722e-49
3.840000e+00 5.414875e-49
3.853333e+00 -1.116315e-49
3.866667e+00 -4.958086e-50
3.880000e+00 3.887708e-50
3.893333e+00 -8.014809e-51
3.906667e+00 -3.559802e-51
3.920000e+00 2.791524e-51
3.933333e+00 -5.757886e-52
3.946667e+00 -2.563730e-52
3.960000e+00 2.042578e-52
3.973333e+00 -4.623120e-53
3.986667e+00 -2.941985e-53
4.000000e+00 0.000000e+00
