2.500000e-01 0.000000e+00
2.625000e-01 2.759474e-04
2.750000e-01 7.092429e-04
2.875000e-01 1.699729e-03
3.000000e-01 3.808775e-03
3.125000e-01 8.019094e-03
3.250000e-01 1.591878e-02
3.375000e-01 2.989339e-02
3.500000e-01 5.321809e-02
3.625000e-01 9.017563e-02
3.750000e-01 1.458951e-01
3.875000e-01 2.263233e-01
4.000000e-01 3.322949e-01
4.125000e-01 4.699933e-01
4.250000e-01 6.501076e-01
4.375000e-01 8.671602e-01
4.500000e-01 1.121491e+00
4.625000e-01 1.407176e+00
4.750000e-01 1.717922e+00
4.875000e-01 2.046262e+00
5.000000e-01 2.378314e+00
5.125000e-01 2.704030e+00
5.250000e-01 3.014316e+00
5.375000e-01 3.293567e+00
5.500000e-01 3.537086e+00
5.625000e-01 3.734058e+00
5.750000e-01 3.878440e+00
5.875000e-01 3.967382e+00
6.000000e-01 3.983415e+00
6.125000e-01 3.943842e+00
6.250000e-01 3.863449e+00
6.375000e-01 3.725801e+00
6.500000e-01 3.544435e+00
6.625000e-01 3.326710e+00
6.750000e-01 3.076000e+00
6.875000e-01 2.806528e+00
7.000000e-01 2.527018e+00
7.125000e-01 2.244011e+00
7.250000e-01 1.965557e+00
7.375000e-01 1.699814e+00
7.500000e-01 1.450536e+00
7.625000e-01 1.221714e+00
7.750000e-01 1.017407e+00
7.875000e-01 8.365654e-01
8.000000e-01 6.804716e-01
8.125000e-01 5.473734e-01
8.250000e-01 4.348480e-01
8.375000e-01 3.418907e-01
8.500000e-01 2.658696e-01
8.625000e-01 2.047132e-01
8.750000e-01 1.561236e-01
8.875000e-01 1.179726e-01
9.000000e-01 8.828486e-02
9.125000e-01 6.550374e-02
9.250000e-01 4.820163e-02
9.375000e-01 3.518939e-02
9.500000e-01 2.549481e-02
9.625000e-01 1.833671e-02
9.750000e-01 1.308493e-02
9.875000e-01 9.279129e-03
1.000000e+00 6.556663e-03
1.012500e+00 4.604771e-03
1.025000e+00 3.202902e-03
1.037500e+00 2.218058e-03
1.050000e+00 1.527889e-03
1.062500e+00 1.046222e-03
1.075000e+00 7.135055e-04
1.087500e+00 4.843442e-04
1.100000e+00 3.273347e-04
1.112500e+00 2.202956e-04
1.125000e+00 1.475434e-04
1.137500e+00 9.852708e-05
1.150000e+00 6.555900e-05
1.162500e+00 4.347500e-05
1.175000e+00 2.876106e-05
1.187500e+00 1.894579e-05
1.200000e+00 1.248248e-05
1.212500e+00 8.201643e-06
1.225000e+00 5.359292e-06
1.237500e+00 3.497998e-06
1.250000e+00 2.276147e-06
1.262500e+00 1.479284e-06
1.275000e+00 9.586810e-07
1.287500e+00 6.207164e-07
1.300000e+00 4.012190e-07
1.312500e+00 2.587046e-07
1.325000e+00 1.667208e-07
1.337500e+00 1.073003e-07
1.350000e+00 6.903645e-08
1.362500e+00 4.432916e-08
1.375000e+00 2.843454e-08
1.387500e+00 1.823533e-08
1.400000e+00 1.170232e-08
1.412500e+00 7.504241e-09
1.425000e+00 4.802380e-09
1.437500e+00 3.072368e-09
1.450000e+00 1.962941e-09
1.462500e+00 1.254810e-09
1.475000e+00 8.019036e-10
1.487500e+00 5.123551e-10
1.500000e+00 3.273078e-10
1.512500e+00 2.090771e-10
1.525000e+00 1.334265e-10
1.537500e+00 8.523293e-11
1.550000e+00 5.445232e-11
1.562500e+00 3.476162e-11
1.575000e+00 2.219456e-11
1.587500e+00 1.417027e-11
1.600000e+00 9.074280e-12
1.612500e+00 5.812995e-12
1.625000e+00 3.715493e-12
1.637500e+00 2.376990e-12
1.650000e+00 1.519859e-12
1.662500e+00 9.725283e-13
1.675000e+00 6.222351e-13
1.687500e+00 3.982901e-13
1.700000e+00 2.553126e-13
1.712500e+00 1.634823e-13
1.725000e+00 1.049798e-13
1.737500e+00 6.702494e-14
1.750000e+00 4.330136e-14
1.762500e+00 2.762963e-14
1.775000e+00 1.789394e-14
1.787500e+00 1.152405e-14
1.800000e+00 7.533913e-15
1.812500e+00 4.759408e-15
1.825000e+00 3.068183e-15
1.837500e+00 2.022649e-15
1.850000e+00 1.200707e-15
1.862500e+00 7.909683e-16
1.875000e+00 3.904645e-16
1.887500e+00 3.854113e-16
1.900000e+00 3.806078e-16
1.912500e+00 -5.238110e-24
1.925000e+00 -1.906442e-35
1.937500e+00 -6.938614e-47
1.950000e+00 -2.525351e-58
1.962500e+00 -9.191171e-70
1.975000e+00 -3.345183e-81
1.987500e+00 -1.217500e-92
2.000000e+00 -4.431166e-104
2.012500e+00 -1.612750e-115
2.025000e+00 -5.869703e-127
2.037500e+00 -2.136314e-138
2.050000e+00 -7.775247e-150
2.062500e+00 -2.829849e-161
2.075000e+00 -1.029941e-172
2.087500e+00 -3.748533e-184
2.100000e+00 -1.364302e-195
2.112500e+00 -4.965460e-207
2.125000e+00 -1.807209e-218
2.137500e+00 -6.577450e-230
2.150000e+00 -2.393903e-241
2.162500e+00 -8.712758e-253
2.175000e+00 -3.171062e-264
2.187500e+00 -1.154127e-275
2.200000e+00 -4.200517e-287
2.212500e+00 -1.528804e-298
2.225000e+00 -5.564176e-310
2.237500e+00 -2.025669e-321
2.250000e+00 0.000000e+00
2.262500e+00 0.000000e+00
2.275000e+00 0.000000e+00
2.287500e+00 0.000000e+00
2.300000e+00 0.000000e+00
2.312500e+00 0.000000e+00
2.325000e+00 0.000000e+00
2.337500e+00 0.000000e+00
2.350000e+00 0.000000e+00
2.362500e+00 0.000000e+00
2.375000e+00 0.000000e+00
2.387500e+00 0.000000e+00
2.400000e+00 0.000000e+00
2.412500e+00 0.000000e+00
2.425000e+00 0.000000e+00
2.437500e+00 0.000000e+00
2.450000e+00 0.000000e+00
2.462500e+00 0.000000e+00
2.475000e+00 0.000000e+00
2.487500e+00 0.000000e+00
2.500000e+00 0.000000e+00
2.512500e+00 0.000000e+00
2.525000e+00 0.000000e+00
2.537500e+00 0.000000e+00
2.550000e+00 0.000000e+00
2.562500e+00 0.000000e+00
2.575000e+00 0.000000e+00
2.587500e+00 0.000000e+00
2.600000e+00 0.000000e+00
2.612500e+00 0.000000e+00
2.625000e+00 0.000000e+00
2.637500e+00 0.000000e+00
2.650000e+00 0.000000e+00
2.662500e+00 0.000000e+00
2.675000e+00 0.000000e+00
2.687500e+00 0.000000e+00
2.700000e+00 0.000000e+00
2.712500e+00 0.000000e+00
2.725000e+00 0.000000e+00
2.737500e+00 0.000000e+00
2.750000e+00 0.000000e+00
2.762500e+00 0.000000e+00
2.775000e+00 0.000000e+00
2.787500e+00 0.000000e+00
2.800000e+00 0.000000e+00
2.812500e+00 0.000000e+00
2.825000e+00 0.000000e+00
2.837500e+00 0.000000e+00
2.850000e+00 0.000000e+00
2.862500e+00 0.000000e+00
2.875000e+00 0.000000e+00
2.887500e+00 0.000000e+00
2.900000e+00 0.000000e+00
2.912500e+00 0.000000e+00
2.925000e+00 0.000000e+00
2.937500e+00 0.000000e+00
2.950000e+00 0.000000e+00
2.962500e+00 0.000000e+00
2.975000e+00 0.000000e+00
2.987500e+00 0.000000e+00
3.000000e+00 0.000000e+00
3.012500e+00 0.000000e+00
3.025000e+00 0.000000e+00
3.037500e+00 0.000000e+00
3.050000e+00 0.000000e+00
3.062500e+00 0.000000e+00
3.075000e+00 0.000000e+00
3.087500e+00 0.000000e+00
3.100000e+00 0.000000e+00
3.112500e+00 0.000000e+00
3.125000e+00 0.000000e+00
3.137500e+00 0.000000e+00
3.150000e+00 0.000000e+00
3.162500e+00 0.000000e+00
3.175000e+00 0.000000e+00
3.187500e+00 0.000000e+00
3.200000e+00 0.000000e+00
3.212500e+00 0.000000e+00
3.225000e+00 0.000000e+00
3.237500e+00 0.000000e+00
3.250000e+00 0.000000e+00
3.262500e+00 0.000000e+00
3.275000e+00 0.000000e+00
3.287500e+00 0.000000e+00
3.300000e+00 0.000000e+00
3.312500e+00 0.000000e+00
3.325000e+00 0.000000e+00
3.337500e+00 0.000000e+00
3.350000e+00 0.000000e+00
3.362500e+00 0.000000e+00
3.375000e+00 0.000000e+00
3.387500e+00 0.000000e+00
3.400000e+00 0.000000e+00
3.412500e+00 0.000000e+00
3.425000e+00 0.000000e+00
3.437500e+00 0.000000e+00
3.450000e+00 0.000000e+00
3.462500e+00 0.000000e+00
3.475000e+00 0.000000e+00
3.487500e+00 0.000000e+00
3.500000e+00 0.000000e+00
3.512500e+00 0.000000e+00
3.525000e+00 0.000000e+00
3.537500e+00 0.000000e+00
3.550000e+00 0.000000e+00
3.562500e+00 0.000000e+00
3.575000e+00 0.000000e+00
3.587500e+00 0.000000e+00
3.600000e+00 0.000000e+00
3.612500e+00 0.000000e+00
3.625000e+00 0.000000e+00
3.637500e+00 0.000000e+00
3.650000e+00 0.000000e+00
3.662500e+00 0.000000e+00
3.675000e+00 0.000000e+00
3.687500e+00 0.000000e+00
3.700000e+00 0.000000e+00
3.712500e+00 0.000000e+00
3.725000e+00 0.000000e+00
3.737500e+00 0.000000e+00
3.750000e+00 0.000000e+00
3.762500e+00 0.000000e+00
3.775000e+00 0.000000e+00
3.787500e+00 0.000000e+00
3.800000e+00 0.000000e+00
3.812500e+00 0.000000e+00
3.825000e+00 0.000000e+00
3.837500e+00 0.000000e+00
3.850000e+00 0.000000e+00
3.862500e+00 0.000000e+00
3.875000e+00 0.000000e+00
3.887500e+00 0.000000e+00
3.900000e+00 0.000000e+00
3.912500e+00 0.000000e+00
3.925000e+00 0.000000e+00
3.937500e+00 0.000000e+00
3.950000e+00 0.000000e+00
3.962500e+00 0.000000e+00
3.975000e+00 0.000000e+00
3.987500e+00 0.000000e+00
