0.000000e+00 0.000000e+00
1.333333e-02 -2.080552e-62
2.666667e-02 -3.269438e-62
4.000000e-02 1.444497e-61
5.333333e-02 -1.813052e-61
6.666667e-02 -4.071937e-61
8.000000e-02 1.974146e-60
9.333333e-02 -2.517467e-60
1.066667e-01 -5.668017e-60
1.200000e-01 2.749360e-59
1.333333e-01 -3.506324e-59
1.466667e-01 -7.894504e-59
1.600000e-01 3.829362e-58
1.733333e-01 -4.883679e-58
1.866667e-01 -1.099563e-57
2.000000e-01 5.333614e-57
2.133333e-01 -6.802087e-57
2.266667e-01 -1.531493e-56
2.400000e-01 7.428765e-56
2.533333e-01 -9.474085e-56
2.666667e-01 -2.133095e-55
2.800000e-01 1.034694e-54
2.933333e-01 -1.319570e-54
3.066667e-01 -2.971018e-54
3.200000e-01 1.441142e-53
3.333333e-01 -1.837924e-53
3.466667e-01 -4.138094e-53
3.600000e-01 2.007252e-52
3.733333e-01 -2.559897e-52
3.866667e-01 -5.763621e-52
4.000000e-01 2.795742e-51
4.133333e-01 -3.565477e-51
4.266667e-01 -8.027689e-51
4.400000e-01 3.893966e-50
4.533333e-01 -4.966069e-50
4.666667e-01 -1.118113e-49
4.800000e-01 5.423594e-49
4.933333e-01 -6.916842e-49
5.066667e-01 -1.557330e-48
5.200000e-01 7.554093e-48
5.333333e-01 -9.633918e-48
5.466667e-01 -2.169081e-47
5.600000e-01 1.052149e-46
5.733333e-01 -1.341832e-46
5.866667e-01 -3.021140e-46
6.000000e-01 1.465455e-45
6.133333e-01 -1.868930e-45
6.266667e-01 -4.207906e-45
6.400000e-01 2.041116e-44
6.533333e-01 -2.603084e-44
6.666667e-01 -5.860857e-44
6.800000e-01 2.842907e-43
6.933333e-01 -3.625629e-43
7.066667e-01 -8.163120e-43
7.200000e-01 3.959659e-42
7.333333e-01 -5.049849e-42
7.466667e-01 -1.136976e-41
7.600000e-01 5.515093e-41
7.733333e-01 -7.033533e-41
7.866667e-01 -1.583603e-40
8.000000e-01 7.681534e-40
8.133333e-01 -9.796447e-40
8.266667e-01 -2.205675e-39
8.400000e-01 1.069900e-38
8.533333e-01 -1.364469e-38
8.666667e-01 -3.072109e-38
8.800000e-01 1.490178e-37
8.933333e-01 -1.900460e-37
9.066667e-01 -4.278895e-37
9.200000e-01 2.075550e-36
9.333333e-01 -2.647000e-36
9.466667e-01 -5.959732e-36
9.600000e-01 2.890869e-35
9.733333e-01 -3.686795e-35
9.866667e-01 -8.300837e-35
1.000000e+00 4.026460e-34
1.013333e+00 -5.135043e-34
1.026667e+00 -1.156157e-33
1.040000e+00 5.608136e-33
1.053333e+00 -7.152192e-33
1.066667e+00 -1.610319e-32
1.080000e+00 7.811126e-32
1.093333e+00 -9.961719e-32
1.106667e+00 -2.242886e-31
1.120000e+00 1.087949e-30
1.133333e+00 -1.387488e-30
1.146667e+00 -3.123937e-30
1.160000e+00 1.515318e-29
1.173333e+00 -1.932522e-29
1.186667e+00 -4.351083e-29
1.200000e+00 2.110566e-28
1.213333e+00 -2.691656e-28
1.226667e+00 -6.060276e-28
1.240000e+00 2.939639e-27
1.253333e+00 -3.748993e-27
1.266667e+00 -8.440876e-27
1.280000e+00 4.094389e-26
1.293333e+00 -5.221674e-26
1.306667e+00 -1.175662e-25
1.320000e+00 5.702748e-25
1.333333e+00 -7.272854e-25
1.346667e+00 -1.637486e-24
1.360000e+00 7.942904e-24
1.373333e+00 -1.012978e-23
1.386667e+00 -2.280724e-23
1.400000e+00 1.106304e-22
1.413333e+00 -1.410896e-22
1.426667e+00 -3.176639e-22
1.440000e+00 1.540882e-21
1.453333e+00 -1.965125e-21
1.466667e+00 -4.424488e-21
1.480000e+00 2.146172e-20
1.493333e+00 -2.737066e-20
1.506667e+00 -6.162517e-20
1.520000e+00 2.989232e-19
1.533333e+00 -3.812241e-19
1.546667e+00 -8.583278e-19
1.560000e+00 4.163464e-18
1.573333e+00 -5.309766e-18
1.586667e+00 -1.195496e-17
1.600000e+00 5.798957e-17
1.613333e+00 -7.395551e-17
1.626667e+00 -1.665112e-16
1.640000e+00 8.076905e-16
1.653333e+00 -1.030067e-15
1.666667e+00 -2.319201e-15
1.680000e+00 1.124968e-14
1.693333e+00 -1.434699e-14
1.706667e+00 -3.230231e-14
1.720000e+00 1.566878e-13
1.733333e+00 -1.998277e-13
1.746667e+00 -4.499131e-13
1.760000e+00 2.182379e-12
1.773333e+00 -2.783242e-12
1.786667e+00 -6.266482e-12
1.800000e+00 3.039662e-11
1.813333e+00 -3.876555e-11
1.826667e+00 -8.728083e-11
1.840000e+00 4.233703e-10
1.853333e+00 -5.399345e-10
1.866667e+00 -1.215665e-09
1.880000e+00 5.896788e-09
1.893333e+00 -7.520318e-09
1.906667e+00 -1.693203e-08
1.920000e+00 8.213167e-08
1.933333e+00 -1.047445e-07
1.946667e+00 -2.358328e-07
1.960000e+00 1.143947e-06
1.973333e+00 -1.458903e-06
1.986667e+00 -3.284727e-06
2.000000e+00 1.593312e-05
2.013333e+00 -2.031990e-05
2.026667e+00 -4.575034e-05
2.040000e+00 2.219197e-04
2.053333e+00 -2.830196e-04
2.066667e+00 -6.372200e-04
2.080000e+00 3.090943e-03
2.093333e+00 -3.941955e-03
2.106667e+00 -8.875330e-03
2.120000e+00 4.305128e-02
2.133333e+00 -5.490435e-02
2.146667e+00 -1.236174e-01
2.160000e+00 7.995027e-01
2.173333e+00 1.722623e+00
2.186667e+00 1.653910e+00
2.200000e+00 1.555954e+00
2.213333e+00 1.607881e+00
2.226667e+00 1.602949e+00
2.240000e+00 1.595909e+00
2.253333e+00 1.599650e+00
2.266667e+00 1.599305e+00
2.280000e+00 1.598701e+00
2.293333e+00 1.599156e+00
2.306667e+00 1.599262e+00
2.320000e+00 1.597846e+00
2.333333e+00 1.600467e+00
2.346667e+00 1.602290e+00
2.360000e+00 1.583077e+00
2.373333e+00 1.619318e+00
2.386667e+00 1.644739e+00
2.400000e+00 1.303224e+00
2.413333e+00 9.617090e-01
2.426667e+00 9.871298e-01
2.440000e+00 1.023369e+00
2.453333e+00 1.004159e+00
2.466667e+00 1.005984e+00
2.480000e+00 1.008586e+00
2.493333e+00 1.007206e+00
2.506667e+00 1.007337e+00
2.520000e+00 1.007524e+00
2.533333e+00 1.007425e+00
2.546667e+00 1.007435e+00
2.560000e+00 1.007448e+00
2.573333e+00 1.007441e+00
2.586667e+00 1.007442e+00
2.600000e+00 1.007442e+00
2.613333e+00 1.007443e+00
2.626667e+00 1.007443e+00
2.640000e+00 1.007436e+00
2.653333e+00 1.007450e+00
2.666667e+00 1.007459e+00
2.680000e+00 1.007358e+00
2.693333e+00 1.007550e+00
2.706667e+00 1.007684e+00
2.720000e+00 1.006267e+00
2.733333e+00 1.008941e+00
2.746667e+00 1.010817e+00
2.760000e+00 9.910715e-01
2.773333e+00 1.028320e+00
2.786667e+00 1.054449e+00
2.800000e+00 7.034252e-01
2.813333e+00 3.524018e-01
2.826667e+00 3.785304e-01
2.840000e+00 4.157788e-01
2.853333e+00 3.960333e-01
2.866667e+00 3.979093e-01
2.880000e+00 4.005836e-01
2.893333e+00 3.991659e-01
2.906667e+00 3.993006e-01
2.920000e+00 3.994926e-01
2.933333e+00 3.993908e-01
2.946667e+00 3.994005e-01
2.960000e+00 3.994143e-01
2.973333e+00 3.994070e-01
2.986667e+00 3.994077e-01
3.000000e+00 3.994085e-01
3.013333e+00 3.994084e-01
3.026667e+00 3.994088e-01
3.040000e+00 3.994055e-01
3.053333e+00 3.994118e-01
3.066667e+00 3.994162e-01
3.080000e+00 3.993695e-01
3.093333e+00 3.994577e-01
3.106667e+00 3.995195e-01
3.120000e+00 3.988683e-01
3.133333e+00 4.000968e-01
3.146667e+00 4.009586e-01
3.160000e+00 3.918881e-01
3.173333e+00 4.089988e-01
3.186667e+00 4.210015e-01
3.200000e+00 2.597526e-01
3.213333e+00 9.850372e-02
3.226667e+00 1.105064e-01
3.240000e+00 1.276171e-01
3.253333e+00 1.185467e-01
3.266667e+00 1.194084e-01
3.280000e+00 1.206369e-01
3.293333e+00 1.199857e-01
3.306667e+00 1.200475e-01
3.320000e+00 1.201357e-01
3.333333e+00 1.200890e-01
3.346667e+00 1.200934e-01
3.360000e+00 1.200998e-01
3.373333e+00 1.200964e-01
3.386667e+00 1.200967e-01
3.400000e+00 1.200971e-01
3.413333e+00 1.200970e-01
3.426667e+00 1.200971e-01
3.440000e+00 1.200961e-01
3.453333e+00 1.200981e-01
3.466667e+00 1.200996e-01
3.480000e+00 1.200844e-01
3.493333e+00 1.201130e-01
3.506667e+00 1.201331e-01
3.520000e+00 1.199219e-01
3.533333e+00 1.203203e-01
3.546667e+00 1.205998e-01
3.560000e+00 1.176580e-01
3.573333e+00 1.232074e-01
3.586667e+00 1.271002e-01
3.600000e+00 7.480326e-02
3.613333e+00 2.250633e-02
3.626667e+00 2.639908e-02
3.640000e+00 3.194850e-02
3.653333e+00 2.900673e-02
3.666667e+00 2.928622e-02
3.680000e+00 2.968465e-02
3.693333e+00 2.947344e-02
3.706667e+00 2.949351e-02
3.720000e+00 2.952212e-02
3.733333e+00 2.950695e-02
3.746667e+00 2.950839e-02
3.760000e+00 2.951045e-02
3.773333e+00 2.950936e-02
3.786667e+00 2.950946e-02
3.800000e+00 2.950961e-02
3.813333e+00 2.950953e-02
3.826667e+00 2.950954e-02
3.840000e+00 2.950955e-02
3.853333e+00 2.950954e-02
3.866667e+00 2.950954e-02
3.880000e+00 2.950954e-02
3.893333e+00 2.950954e-02
3.906667e+00 2.950954e-02
3.920000e+00 2.950954e-02
3.933333e+00 2.950954e-02
3.946667e+00 2.950954e-02
3.960000e+00 2.950954e-02
3.973333e+00 2.950954e-02
3.986667e+00 2.950954e-02
4.000000e+00 0.000000e+00
