0.000000e+00 0.000000e+00
1.333333e-02 2.988073e-36
2.666667e-02 4.695543e-36
4.000000e-02 -2.074576e-35
5.333333e-02 2.603892e-35
6.666667e-02 5.848085e-35
8.000000e-02 -2.835254e-34
9.333333e-02 3.615568e-34
1.066667e-01 8.140364e-34
1.200000e-01 -3.948610e-33
1.333333e-01 5.035756e-33
1.466667e-01 1.133803e-32
1.600000e-01 -5.499702e-32
1.733333e-01 7.013903e-32
1.866667e-01 1.579184e-31
2.000000e-01 -7.660096e-31
2.133333e-01 9.769107e-31
2.266667e-01 2.199519e-30
2.400000e-01 -1.066914e-29
2.533333e-01 1.360661e-29
2.666667e-01 3.063535e-29
2.800000e-01 -1.486019e-28
2.933333e-01 1.895156e-28
3.066667e-01 4.266954e-28
3.200000e-01 -2.069758e-27
3.333333e-01 2.639612e-27
3.466667e-01 5.943100e-27
3.600000e-01 -2.882801e-26
3.733333e-01 3.676506e-26
3.866667e-01 8.277670e-26
4.000000e-01 -4.015223e-25
4.133333e-01 5.120712e-25
4.266667e-01 1.152931e-24
4.400000e-01 -5.592485e-24
4.533333e-01 7.132232e-24
4.666667e-01 1.605825e-23
4.800000e-01 -7.789326e-23
4.933333e-01 9.933917e-23
5.066667e-01 2.236626e-22
5.200000e-01 -1.084913e-21
5.333333e-01 1.383616e-21
5.466667e-01 3.115218e-21
5.600000e-01 -1.511089e-20
5.733333e-01 1.927129e-20
5.866667e-01 4.338940e-20
6.000000e-01 -2.104676e-19
6.133333e-01 2.684144e-19
6.266667e-01 6.043363e-19
6.400000e-01 -2.931435e-18
6.533333e-01 3.738530e-18
6.666667e-01 8.417319e-18
6.800000e-01 -4.082962e-17
6.933333e-01 5.207101e-17
7.066667e-01 1.172381e-16
7.200000e-01 -5.686833e-16
7.333333e-01 7.252556e-16
7.466667e-01 1.632917e-15
7.600000e-01 -7.920736e-15
7.733333e-01 1.010151e-14
7.866667e-01 2.274359e-14
8.000000e-01 -1.103216e-13
8.133333e-01 1.406959e-13
8.266667e-01 3.167774e-13
8.400000e-01 -1.536582e-12
8.533333e-01 1.959640e-12
8.666667e-01 4.412140e-12
8.800000e-01 -2.140183e-11
8.933333e-01 2.729427e-11
9.066667e-01 6.145318e-11
9.200000e-01 -2.980890e-10
9.333333e-01 3.801601e-10
9.466667e-01 8.559324e-10
9.600000e-01 -4.151844e-09
9.733333e-01 5.294948e-09
9.866667e-01 1.192160e-08
1.000000e+00 -5.782773e-08
1.013333e+00 7.374911e-08
1.026667e+00 1.660465e-07
1.040000e+00 -8.054364e-07
1.053333e+00 1.027193e-06
1.066667e+00 2.312729e-06
1.080000e+00 -1.121828e-05
1.093333e+00 1.430695e-05
1.106667e+00 3.221216e-05
1.120000e+00 -1.562505e-04
1.133333e+00 1.992701e-04
1.146667e+00 4.486575e-04
1.160000e+00 -2.176289e-03
1.173333e+00 2.775474e-03
1.186667e+00 6.248993e-03
1.200000e+00 -3.031179e-02
1.213333e+00 3.865737e-02
1.226667e+00 8.703724e-02
1.240000e+00 -4.221888e-01
1.253333e+00 5.578799e-01
1.266667e+00 3.643801e+00
1.280000e+00 4.623870e+00
1.293333e+00 4.114642e+00
1.306667e+00 4.163021e+00
1.320000e+00 4.232004e+00
1.333333e+00 4.195417e+00
1.346667e+00 4.198873e+00
1.360000e+00 4.204013e+00
1.373333e+00 4.201033e+00
1.386667e+00 4.201033e+00
1.400000e+00 4.204013e+00
1.413333e+00 4.198873e+00
1.426667e+00 4.195417e+00
1.440000e+00 4.232004e+00
1.453333e+00 4.163021e+00
1.466667e+00 4.114642e+00
1.480000e+00 4.623870e+00
1.493333e+00 3.643801e+00
1.506667e+00 5.578799e-01
1.520000e+00 -4.221888e-01
1.533333e+00 8.703724e-02
1.546667e+00 3.865737e-02
1.560000e+00 -3.031179e-02
1.573333e+00 6.248993e-03
1.586667e+00 2.775474e-03
1.600000e+00 -2.176289e-03
1.613333e+00 4.486575e-04
1.626667e+00 1.992701e-04
1.640000e+00 -1.562505e-04
1.653333e+00 3.221216e-05
1.666667e+00 1.430695e-05
1.680000e+00 -1.121828e-05
1.693333e+00 2.312729e-06
1.706667e+00 1.027193e-06
1.720000e+00 -8.054364e-07
1.733333e+00 1.660465e-07
1.746667e+00 7.374911e-08
1.760000e+00 -5.782773e-08
1.773333e+00 1.192160e-08
1.786667e+00 5.294948e-09
1.800000e+00 -4.151844e-09
1.813333e+00 8.559324e-10
1.826667e+00 3.801601e-10
1.840000e+00 -2.980890e-10
1.853333e+00 6.145318e-11
1.866667e+00 2.729427e-11
1.880000e+00 -2.140183e-11
1.893333e+00 4.412140e-12
1.906667e+00 1.959640e-12
1.920000e+00 -1.536582e-12
1.933333e+00 3.167774e-13
1.946667e+00 1.406959e-13
1.960000e+00 -1.103216e-13
1.973333e+00 2.274359e-14
1.986667e+00 1.010151e-14
2.000000e+00 -7.920736e-15
2.013333e+00 1.632917e-15
2.026667e+00 7.252556e-16
2.040000e+00 -5.686833e-16
2.053333e+00 1.172381e-16
2.066667e+00 5.207101e-17
2.080000e+00 -4.082962e-17
2.093333e+00 8.417319e-18
2.106667e+00 3.738530e-18
2.120000e+00 -2.931435e-18
2.133333e+00 6.043363e-19
2.146667e+00 2.684144e-19
2.160000e+00 -2.104676e-19
2.173333e+00 4.338940e-20
2.186667e+00 1.927129e-20
2.200000e+00 -1.511089e-20
2.213333e+00 3.115218e-21
2.226667e+00 1.383616e-21
2.240000e+00 -1.084913e-21
2.253333e+00 2.236626e-22
2.266667e+00 9.933917e-23
2.280000e+00 -7.789326e-23
2.293333e+00 1.605825e-23
2.306667e+00 7.132232e-24
2.320000e+00 -5.592485e-24
2.333333e+00 1.152931e-24
2.346667e+00 5.120712e-25
2.360000e+00 -4.015223e-25
2.373333e+00 8.277670e-26
2.386667e+00 3.676506e-26
2.400000e+00 -2.882801e-26
2.413333e+00 5.943100e-27
2.426667e+00 2.639612e-27
2.440000e+00 -2.069758e-27
2.453333e+00 4.266954e-28
2.466667e+00 1.895156e-28
2.480000e+00 -1.486019e-28
2.493333e+00 3.063535e-29
2.506667e+00 1.360661e-29
2.520000e+00 -1.066914e-29
2.533333e+00 2.199519e-30
2.546667e+00 9.769107e-31
2.560000e+00 -7.660096e-31
2.573333e+00 1.579184e-31
2.586667e+00 7.013903e-32
2.600000e+00 -5.499702e-32
2.613333e+00 1.133803e-32
2.626667e+00 5.035756e-33
2.640000e+00 -3.948608e-33
2.653333e+00 8.140338e-34
2.666667e+00 3.615510e-34
2.680000e+00 -2.834973e-34
2.693333e+00 5.844500e-35
2.706667e+00 2.595820e-35
2.720000e+00 -2.035419e-35
2.733333e+00 4.196162e-36
2.746667e+00 1.863715e-36
2.760000e+00 -1.461365e-36
2.773333e+00 3.012709e-37
2.786667e+00 1.338087e-37
2.800000e+00 -1.049213e-37
2.813333e+00 2.163028e-38
2.826667e+00 9.607031e-39
2.840000e+00 -7.533010e-39
2.853333e+00 1.552984e-39
2.866667e+00 6.897538e-40
2.880000e+00 -5.408458e-40
2.893333e+00 1.114992e-40
2.906667e+00 4.952210e-41
2.920000e+00 -3.883098e-41
2.933333e+00 8.005285e-42
2.946667e+00 3.555527e-42
2.960000e+00 -2.787939e-42
2.973333e+00 5.747536e-43
2.986667e+00 2.552753e-43
3.000000e+00 -2.001650e-43
3.013333e+00 4.126545e-44
3.026667e+00 1.832794e-44
3.040000e+00 -1.437120e-44
3.053333e+00 2.962726e-45
3.066667e+00 1.315887e-45
3.080000e+00 -1.031806e-45
3.093333e+00 2.127142e-46
3.106667e+00 9.447645e-47
3.120000e+00 -7.408033e-47
3.133333e+00 1.527219e-47
3.146667e+00 6.783104e-48
3.160000e+00 -5.318728e-48
3.173333e+00 1.096494e-48
3.186667e+00 4.870049e-49
3.200000e+00 -3.818675e-49
3.213333e+00 7.872472e-50
3.226667e+00 3.496538e-50
3.240000e+00 -2.741685e-50
3.253333e+00 5.652181e-51
3.266667e+00 2.510401e-51
3.280000e+00 -1.968442e-51
3.293333e+00 4.058083e-52
3.306667e+00 1.802387e-52
3.320000e+00 -1.413277e-52
3.333333e+00 2.913573e-53
3.346667e+00 1.294056e-53
3.360000e+00 -1.014688e-53
3.373333e+00 2.091851e-54
3.386667e+00 9.290902e-55
3.400000e+00 -7.285129e-55
3.413333e+00 1.501881e-55
3.426667e+00 6.670568e-56
3.440000e+00 -5.230487e-56
3.453333e+00 1.078302e-56
3.466667e+00 4.789252e-57
3.480000e+00 -3.755321e-57
3.493333e+00 7.741863e-58
3.506667e+00 3.438528e-58
3.520000e+00 -2.696199e-58
3.533333e+00 5.558407e-59
3.546667e+00 2.468752e-59
3.560000e+00 -1.935784e-59
3.573333e+00 3.990757e-60
3.586667e+00 1.772484e-60
3.600000e+00 -1.389830e-60
3.613333e+00 2.865235e-61
3.626667e+00 1.272586e-61
3.640000e+00 -9.978532e-62
3.653333e+00 2.057146e-62
3.666667e+00 9.136760e-63
3.680000e+00 -7.164264e-63
3.693333e+00 1.476964e-63
3.706667e+00 6.559898e-64
3.720000e+00 -5.143710e-64
3.733333e+00 1.060413e-64
3.746667e+00 4.709795e-65
3.760000e+00 -3.693018e-65
3.773333e+00 7.613420e-66
3.786667e+00 3.381481e-66
3.800000e+00 -2.651467e-66
3.813333e+00 5.466190e-67
3.826667e+00 2.427794e-67
3.840000e+00 -1.903668e-67
3.853333e+00 3.924548e-68
3.866667e+00 1.743078e-68
3.880000e+00 -1.366773e-68
3.893333e+00 2.817707e-69
3.906667e+00 1.251494e-69
3.920000e+00 -9.813955e-70
3.933333e+00 2.024258e-70
3.946667e+00 9.013117e-71
3.960000e+00 -7.180943e-71
3.973333e+00 1.625316e-71
3.986667e+00 1.034292e-71
4.000000e+00 0.000000e+00
