0.000000e+00 0.000000e+00
1.333333e-02 0.000000e+00
2.666667e-02 0.000000e+00
4.000000e-02 0.000000e+00
5.333333e-02 0.000000e+00
6.666667e-02 0.000000e+00
8.000000e-02 0.000000e+00
9.333333e-02 0.000000e+00
1.066667e-01 0.000000e+00
1.200000e-01 0.000000e+00
1.333333e-01 0.000000e+00
1.466667e-01 0.000000e+00
1.600000e-01 0.000000e+00
1.733333e-01 0.000000e+00
1.866667e-01 0.000000e+00
2.000000e-01 0.000000e+00
2.133333e-01 2.783851e-04
2.266667e-01 5.549122e-04
2.400000e-01 8.277233e-04
2.533333e-01 1.094961e-03
2.666667e-01 1.354766e-03
2.800000e-01 1.605282e-03
2.933333e-01 1.844649e-03
3.066667e-01 2.071011e-03
3.200000e-01 2.282510e-03
3.333333e-01 2.477286e-03
3.466667e-01 2.653483e-03
3.600000e-01 2.809243e-03
3.733333e-01 2.942707e-03
3.866667e-01 3.052017e-03
4.000000e-01 3.135316e-03
4.133333e-01 3.190745e-03
4.266667e-01 3.216447e-03
4.400000e-01 3.210563e-03
4.533333e-01 3.171236e-03
4.666667e-01 3.096608e-03
4.800000e-01 2.984820e-03
4.933333e-01 2.834016e-03
5.066667e-01 2.642336e-03
5.200000e-01 2.407922e-03
5.333333e-01 2.128918e-03
5.466667e-01 1.803465e-03
5.600000e-01 1.429704e-03
5.733333e-01 1.005778e-03
5.866667e-01 5.298296e-04
6.000000e-01 2.636780e-17
6.133333e-01 -5.837106e-04
6.266667e-01 -1.213870e-03
6.400000e-01 -1.881189e-03
6.533333e-01 -2.576378e-03
6.666667e-01 -3.290146e-03
6.800000e-01 -4.013204e-03
6.933333e-01 -4.736262e-03
7.066667e-01 -5.450030e-03
7.200000e-01 -6.145219e-03
7.333333e-01 -6.812538e-03
7.466667e-01 -7.442697e-03
7.600000e-01 -8.026408e-03
7.733333e-01 -8.554380e-03
7.866667e-01 -9.017323e-03
8.000000e-01 -9.405947e-03
8.133333e-01 -9.710963e-03
8.266667e-01 -9.923080e-03
8.400000e-01 -1.003301e-02
8.533333e-01 -1.003146e-02
8.666667e-01 -9.909146e-03
8.800000e-01 -9.656772e-03
8.933333e-01 -9.265051e-03
9.066667e-01 -8.724693e-03
9.200000e-01 -8.026408e-03
9.333333e-01 -7.160906e-03
9.466667e-01 -6.118897e-03
9.600000e-01 -4.891092e-03
9.733333e-01 -3.468201e-03
9.866667e-01 -1.840933e-03
1.000000e+00 -1.998401e-16
1.013333e+00 2.056457e-03
1.026667e+00 4.300569e-03
1.040000e+00 6.697034e-03
1.053333e+00 9.210551e-03
1.066667e+00 1.180582e-02
1.080000e+00 1.444753e-02
1.093333e+00 1.710040e-02
1.106667e+00 1.972911e-02
1.120000e+00 2.229836e-02
1.133333e+00 2.477286e-02
1.146667e+00 2.711731e-02
1.160000e+00 2.929639e-02
1.173333e+00 3.127481e-02
1.186667e+00 3.301727e-02
1.200000e+00 3.448847e-02
1.213333e+00 3.565311e-02
1.226667e+00 3.647588e-02
1.240000e+00 3.692148e-02
1.253333e+00 3.695461e-02
1.266667e+00 3.653997e-02
1.280000e+00 3.564227e-02
1.293333e+00 3.422619e-02
1.306667e+00 3.225644e-02
1.320000e+00 2.969771e-02
1.333333e+00 2.651471e-02
1.346667e+00 2.267213e-02
1.360000e+00 1.813467e-02
1.373333e+00 1.286703e-02
1.386667e+00 6.833904e-03
1.400000e+00 -6.033559e-16
1.413333e+00 -7.642119e-03
1.426667e+00 -1.598841e-02
1.440000e+00 -2.490695e-02
1.453333e+00 -3.426583e-02
1.466667e+00 -4.393313e-02
1.480000e+00 -5.377693e-02
1.493333e+00 -6.366533e-02
1.506667e+00 -7.346641e-02
1.520000e+00 -8.304824e-02
1.533333e+00 -9.227892e-02
1.546667e+00 -1.010265e-01
1.560000e+00 -1.091591e-01
1.573333e+00 -1.165449e-01
1.586667e+00 -1.230518e-01
1.600000e+00 -1.285479e-01
1.613333e+00 -1.329015e-01
1.626667e+00 -1.359804e-01
1.640000e+00 -1.376529e-01
1.653333e+00 -1.377870e-01
1.666667e+00 -1.362508e-01
1.680000e+00 -1.329123e-01
1.693333e+00 -1.276397e-01
1.706667e+00 -1.203011e-01
1.720000e+00 -1.107644e-01
1.733333e+00 -9.889792e-02
1.746667e+00 -8.456960e-02
1.760000e+00 -6.764757e-02
1.773333e+00 -4.799990e-02
1.786667e+00 -2.549468e-02
1.800000e+00 7.653338e-15
1.813333e+00 2.855753e-02
1.826667e+00 6.001711e-02
1.840000e+00 9.415944e-02
1.853333e+00 1.307652e-01
1.866667e+00 1.696150e-01
1.880000e+00 2.104897e-01
1.893333e+00 2.531697e-01
1.906667e+00 2.974360e-01
1.920000e+00 3.430690e-01
1.933333e+00 3.898496e-01
1.946667e+00 4.375583e-01
1.960000e+00 4.859759e-01
1.973333e+00 5.348830e-01
1.986667e+00 5.840603e-01
2.000000e+00 6.332886e-01
2.013333e+00 6.823484e-01
2.026667e+00 7.310205e-01
2.040000e+00 7.790855e-01
2.053333e+00 8.263241e-01
2.066667e+00 8.725171e-01
2.080000e+00 9.174450e-01
2.093333e+00 9.608885e-01
2.106667e+00 1.002628e+00
2.120000e+00 1.042445e+00
2.133333e+00 1.080120e+00
2.146667e+00 1.115433e+00
2.160000e+00 1.148165e+00
2.173333e+00 1.178097e+00
2.186667e+00 1.205009e+00
2.200000e+00 1.228682e+00
2.213333e+00 1.248957e+00
2.226667e+00 1.265911e+00
2.240000e+00 1.279682e+00
2.253333e+00 1.290408e+00
2.266667e+00 1.298227e+00
2.280000e+00 1.303277e+00
2.293333e+00 1.305694e+00
2.306667e+00 1.305617e+00
2.320000e+00 1.303184e+00
2.333333e+00 1.298532e+00
2.346667e+00 1.291799e+00
2.360000e+00 1.283123e+00
2.373333e+00 1.272641e+00
2.386667e+00 1.260491e+00
2.400000e+00 1.246812e+00
2.413333e+00 1.231739e+00
2.426667e+00 1.215412e+00
2.440000e+00 1.197969e+00
2.453333e+00 1.179546e+00
2.466667e+00 1.160281e+00
2.480000e+00 1.140313e+00
2.493333e+00 1.119778e+00
2.506667e+00 1.098815e+00
2.520000e+00 1.077562e+00
2.533333e+00 1.056156e+00
2.546667e+00 1.034734e+00
2.560000e+00 1.013435e+00
2.573333e+00 9.923963e-01
2.586667e+00 9.717556e-01
2.600000e+00 9.516505e-01
2.613333e+00 9.321915e-01
2.626667e+00 9.133793e-01
2.640000e+00 8.951872e-01
2.653333e+00 8.775886e-01
2.666667e+00 8.605570e-01
2.680000e+00 8.440655e-01
2.693333e+00 8.280877e-01
2.706667e+00 8.125969e-01
2.720000e+00 7.975664e-01
2.733333e+00 7.829696e-01
2.746667e+00 7.687799e-01
2.760000e+00 7.549707e-01
2.773333e+00 7.415152e-01
2.786667e+00 7.283870e-01
2.800000e+00 7.155592e-01
2.813333e+00 7.030054e-01
2.826667e+00 6.906989e-01
2.840000e+00 6.786130e-01
2.853333e+00 6.667211e-01
2.866667e+00 6.549965e-01
2.880000e+00 6.434127e-01
2.893333e+00 6.319430e-01
2.906667e+00 6.205608e-01
2.920000e+00 6.092394e-01
2.933333e+00 5.979521e-01
2.946667e+00 5.866725e-01
2.960000e+00 5.753738e-01
2.973333e+00 5.640293e-01
2.986667e+00 5.526126e-01
3.000000e+00 5.410968e-01
3.013333e+00 5.294626e-01
3.026667e+00 5.177188e-01
3.040000e+00 5.058815e-01
3.053333e+00 4.939667e-01
3.066667e+00 4.819905e-01
3.080000e+00 4.699689e-01
3.093333e+00 4.579181e-01
3.106667e+00 4.458539e-01
3.120000e+00 4.337926e-01
3.133333e+00 4.217501e-01
3.146667e+00 4.097424e-01
3.160000e+00 3.977857e-01
3.173333e+00 3.858960e-01
3.186667e+00 3.740893e-01
3.200000e+00 3.623817e-01
3.213333e+00 3.507892e-01
3.226667e+00 3.393278e-01
3.240000e+00 3.280137e-01
3.253333e+00 3.168629e-01
3.266667e+00 3.058914e-01
3.280000e+00 2.951153e-01
3.293333e+00 2.845506e-01
3.306667e+00 2.742133e-01
3.320000e+00 2.641196e-01
3.333333e+00 2.542854e-01
3.346667e+00 2.447269e-01
3.360000e+00 2.354600e-01
3.373333e+00 2.265009e-01
3.386667e+00 2.178655e-01
3.400000e+00 2.095699e-01
3.413333e+00 2.016255e-01
3.426667e+00 1.940251e-01
3.440000e+00 1.867569e-01
3.453333e+00 1.798089e-01
3.466667e+00 1.731694e-01
3.480000e+00 1.668264e-01
3.493333e+00 1.607681e-01
3.506667e+00 1.549826e-01
3.520000e+00 1.494581e-01
3.533333e+00 1.441827e-01
3.546667e+00 1.391445e-01
3.560000e+00 1.343317e-01
3.573333e+00 1.297325e-01
3.586667e+00 1.253349e-01
3.600000e+00 1.211270e-01
3.613333e+00 1.170971e-01
3.626667e+00 1.132333e-01
3.640000e+00 1.095237e-01
3.653333e+00 1.059564e-01
3.666667e+00 1.025196e-01
3.680000e+00 9.920147e-02
3.693333e+00 9.599006e-02
3.706667e+00 9.287355e-02
3.720000e+00 8.984007e-02
3.733333e+00 8.687776e-02
3.746667e+00 8.397477e-02
3.760000e+00 8.111922e-02
3.773333e+00 7.829926e-02
3.786667e+00 7.550302e-02
3.800000e+00 7.271865e-02
3.813333e+00 0.000000e+00
3.826667e+00 0.000000e+00
3.840000e+00 0.000000e+00
3.853333e+00 0.000000e+00
3.866667e+00 0.000000e+00
3.880000e+00 0.000000e+00
3.893333e+00 0.000000e+00
3.906667e+00 0.000000e+00
3.920000e+00 0.000000e+00
3.933333e+00 0.000000e+00
3.946667e+00 0.000000e+00
3.960000e+00 0.000000e+00
3.973333e+00 0.000000e+00
3.986667e+00 0.000000e+00
4.000000e+00 0.000000e+00
