0.000000e+00 0.000000e+00
1.333333e-02 2.857143e+00
2.666667e-02 2.857143e+00
4.000000e-02 2.857143e+00
5.333333e-02 2.857143e+00
6.666667e-02 2.857143e+00
8.000000e-02 2.857143e+00
9.333333e-02 2.857143e+00
1.066667e-01 2.857143e+00
1.200000e-01 2.857143e+00
1.333333e-01 2.857143e+00
1.466667e-01 2.857143e+00
1.600000e-01 2.857141e+00
1.733333e-01 2.857145e+00
1.866667e-01 2.857149e+00
2.000000e-01 2.857114e+00
2.133333e-01 2.857179e+00
2.266667e-01 2.857225e+00
2.400000e-01 2.856746e+00
2.533333e-01 2.857649e+00
2.666667e-01 2.858281e+00
2.800000e-01 2.851620e+00
2.933333e-01 2.864186e+00
3.066667e-01 2.873002e+00
3.200000e-01 2.780218e+00
3.333333e-01 2.955247e+00
3.466667e-01 3.078026e+00
3.600000e-01 1.428571e+00
3.733333e-01 -2.208827e-01
3.866667e-01 -9.810446e-02
4.000000e-01 7.692511e-02
4.133333e-01 -1.585866e-02
4.266667e-01 -7.043584e-03
4.400000e-01 5.522974e-03
4.533333e-01 -1.138601e-03
4.666667e-01 -5.057066e-04
4.800000e-01 3.965317e-04
4.933333e-01 -8.174785e-05
5.066667e-01 -3.630810e-05
5.200000e-01 2.846970e-05
5.333333e-01 -5.869232e-06
5.466667e-01 -2.606804e-06
5.600000e-01 2.044032e-06
5.733333e-01 -4.213919e-07
5.866667e-01 -1.871601e-07
6.000000e-01 1.467549e-07
6.133333e-01 -3.025458e-08
6.266667e-01 -1.343749e-08
6.400000e-01 1.053653e-08
6.533333e-01 -2.172181e-09
6.666667e-01 -9.647685e-10
6.800000e-01 7.564887e-10
6.933333e-01 -1.559556e-10
7.066667e-01 -6.926726e-11
7.200000e-01 5.431345e-11
7.333333e-01 -1.119711e-11
7.466667e-01 -4.973166e-12
7.600000e-01 3.899530e-12
7.733333e-01 -8.039160e-13
7.866667e-01 -3.570572e-13
8.000000e-01 2.799737e-13
8.133333e-01 -5.771857e-14
8.266667e-01 -2.563556e-14
8.400000e-01 2.010120e-14
8.533333e-01 -4.144007e-15
8.666667e-01 -1.840550e-15
8.800000e-01 1.443202e-15
8.933333e-01 -2.975263e-16
9.066667e-01 -1.321455e-16
9.200000e-01 1.036172e-16
9.333333e-01 -2.136143e-17
9.466667e-01 -9.487623e-18
9.600000e-01 7.439381e-18
9.733333e-01 -1.533682e-18
9.866667e-01 -6.811807e-19
1.000000e+00 5.341235e-19
1.013333e+00 -1.101134e-19
1.026667e+00 -4.890658e-20
1.040000e+00 3.834834e-20
1.053333e+00 -7.905785e-21
1.066667e+00 -3.511334e-21
1.080000e+00 2.753287e-21
1.093333e+00 -5.676099e-22
1.106667e+00 -2.521024e-22
1.120000e+00 1.976771e-22
1.133333e+00 -4.075255e-23
1.146667e+00 -1.810014e-23
1.160000e+00 1.419258e-23
1.173333e+00 -2.925902e-24
1.186667e+00 -1.299532e-24
1.200000e+00 1.018981e-24
1.213333e+00 -2.100703e-25
1.226667e+00 -9.330218e-26
1.240000e+00 7.315957e-26
1.253333e+00 -1.508237e-26
1.266667e+00 -6.698795e-27
1.280000e+00 5.252621e-27
1.293333e+00 -1.082865e-27
1.306667e+00 -4.809518e-28
1.320000e+00 3.771212e-28
1.333333e+00 -7.774623e-29
1.346667e+00 -3.453079e-29
1.360000e+00 2.707608e-29
1.373333e+00 -5.581928e-30
1.386667e+00 -2.479199e-30
1.400000e+00 1.943975e-30
1.413333e+00 -4.007644e-31
1.426667e+00 -1.779985e-31
1.440000e+00 1.395711e-31
1.453333e+00 -2.877359e-32
1.466667e+00 -1.277972e-32
1.480000e+00 1.002076e-32
1.493333e+00 -2.065851e-33
1.506667e+00 -9.175423e-34
1.520000e+00 7.194580e-34
1.533333e+00 -1.483214e-34
1.546667e+00 -6.587658e-35
1.560000e+00 5.165476e-35
1.573333e+00 -1.064900e-35
1.586667e+00 -4.729725e-36
1.600000e+00 3.708645e-36
1.613333e+00 -7.645637e-37
1.626667e+00 -3.395790e-37
1.640000e+00 2.662687e-37
1.653333e+00 -5.489321e-38
1.666667e+00 -2.438068e-38
1.680000e+00 1.911724e-38
1.693333e+00 -3.941155e-39
1.706667e+00 -1.750454e-39
1.720000e+00 1.372556e-39
1.733333e+00 -2.829622e-40
1.746667e+00 -1.256769e-40
1.760000e+00 9.854507e-41
1.773333e+00 -2.031577e-41
1.786667e+00 -9.023197e-42
1.800000e+00 7.075218e-42
1.813333e+00 -1.458607e-42
1.826667e+00 -6.478364e-43
1.840000e+00 5.079778e-43
1.853333e+00 -1.047233e-43
1.866667e+00 -4.651256e-44
1.880000e+00 3.647116e-44
1.893333e+00 -7.518791e-45
1.906667e+00 -3.339452e-45
1.920000e+00 2.618512e-45
1.933333e+00 -5.398249e-46
1.946667e+00 -2.397618e-46
1.960000e+00 1.880007e-46
1.973333e+00 -3.875769e-47
1.986667e+00 -1.721413e-47
2.000000e+00 1.349784e-47
2.013333e+00 -2.782677e-48
2.026667e+00 -1.235919e-48
2.040000e+00 9.691014e-49
2.053333e+00 -1.997872e-49
2.066667e+00 -8.873496e-50
2.080000e+00 6.957835e-50
2.093333e+00 -1.434408e-50
2.106667e+00 -6.370884e-51
2.120000e+00 4.995501e-51
2.133333e+00 -1.029858e-51
2.146667e+00 -4.574089e-52
2.160000e+00 3.586608e-52
2.173333e+00 -7.394050e-53
2.186667e+00 -3.284048e-53
2.200000e+00 2.575069e-53
2.213333e+00 -5.308689e-54
2.226667e+00 -2.357840e-54
2.240000e+00 1.848816e-54
2.253333e+00 -3.811467e-55
2.266667e+00 -1.692853e-55
2.280000e+00 1.327390e-55
2.293333e+00 -2.736510e-56
2.306667e+00 -1.215414e-56
2.320000e+00 9.530234e-57
2.333333e+00 -1.964726e-57
2.346667e+00 -8.726279e-58
2.360000e+00 6.842400e-58
2.373333e+00 -1.410610e-58
2.386667e+00 -6.265187e-59
2.400000e+00 4.912622e-59
2.413333e+00 -1.012772e-59
2.426667e+00 -4.498202e-60
2.440000e+00 3.527104e-60
2.453333e+00 -7.271378e-61
2.466667e+00 -3.229563e-61
2.480000e+00 2.532347e-61
2.493333e+00 -5.220614e-62
2.506667e+00 -2.318722e-62
2.520000e+00 1.818143e-62
2.533333e+00 -3.748232e-63
2.546667e+00 -1.664768e-63
2.560000e+00 1.305368e-63
2.573333e+00 -2.691110e-64
2.586667e+00 -1.195249e-64
2.600000e+00 9.372121e-65
2.613333e+00 -1.932130e-65
2.626667e+00 -8.581505e-66
2.640000e+00 6.728880e-66
2.653333e+00 -1.387207e-66
2.666667e+00 -6.161243e-67
2.680000e+00 4.831119e-67
2.693333e+00 -9.959697e-68
2.706667e+00 -4.423574e-68
2.720000e+00 3.468587e-68
2.733333e+00 -7.150741e-69
2.746667e+00 -3.175983e-69
2.760000e+00 2.490334e-69
2.773333e+00 -5.134001e-70
2.786667e+00 -2.280253e-70
2.800000e+00 1.787979e-70
2.813333e+00 -3.686047e-71
2.826667e+00 -1.637148e-71
2.840000e+00 1.283711e-71
2.853333e+00 -2.646463e-72
2.866667e+00 -1.175419e-72
2.880000e+00 9.216632e-73
2.893333e+00 -1.900075e-73
2.906667e+00 -8.439132e-74
2.920000e+00 6.617244e-74
2.933333e+00 -1.364192e-74
2.946667e+00 -6.059024e-75
2.960000e+00 4.750967e-75
2.973333e+00 -9.794459e-76
2.986667e+00 -4.350184e-76
3.000000e+00 3.411041e-76
3.013333e+00 -7.032105e-77
3.026667e+00 -3.123291e-77
3.040000e+00 2.449017e-77
3.053333e+00 -5.048824e-78
3.066667e+00 -2.242422e-78
3.080000e+00 1.758315e-78
3.093333e+00 -3.624893e-79
3.106667e+00 -1.609987e-79
3.120000e+00 1.262414e-79
3.133333e+00 -2.602556e-80
3.146667e+00 -1.155918e-80
3.160000e+00 9.063722e-81
3.173333e+00 -1.868551e-81
3.186667e+00 -8.299121e-82
3.200000e+00 6.507459e-82
3.213333e+00 -1.341559e-82
3.226667e+00 -5.958501e-83
3.240000e+00 4.672146e-83
3.253333e+00 -9.631963e-84
3.266667e+00 -4.278011e-84
3.280000e+00 3.354450e-84
3.293333e+00 -6.915438e-85
3.306667e+00 -3.071474e-85
3.320000e+00 2.408387e-85
3.333333e+00 -4.965061e-86
3.346667e+00 -2.205219e-86
3.360000e+00 1.729144e-86
3.373333e+00 -3.564754e-87
3.386667e+00 -1.583276e-87
3.400000e+00 1.241469e-87
3.413333e+00 -2.559378e-88
3.426667e+00 -1.136741e-88
3.440000e+00 8.913349e-89
3.453333e+00 -1.837551e-89
3.466667e+00 -8.161434e-90
3.480000e+00 6.399497e-90
3.493333e+00 -1.319302e-90
3.506667e+00 -5.859646e-91
3.520000e+00 4.594632e-91
3.533333e+00 -9.472162e-92
3.546667e+00 -4.207036e-92
3.560000e+00 3.298797e-92
3.573333e+00 -6.800707e-93
3.586667e+00 -3.020516e-93
3.600000e+00 2.368430e-93
3.613333e+00 -4.882688e-94
3.626667e+00 -2.168633e-94
3.640000e+00 1.700456e-94
3.653333e+00 -3.505612e-95
3.666667e+00 -1.557008e-95
3.680000e+00 1.220873e-95
3.693333e+00 -2.516916e-96
3.706667e+00 -1.117882e-96
3.720000e+00 8.765471e-97
3.733333e+00 -1.807065e-97
3.746667e+00 -8.026030e-98
3.760000e+00 6.293325e-98
3.773333e+00 -1.297414e-98
3.786667e+00 -5.762430e-99
3.800000e+00 4.518404e-99
3.813333e+00 -9.315013e-100
3.826667e+00 -4.137239e-100
3.840000e+00 3.244068e-100
3.853333e+00 -6.687879e-101
3.866667e+00 -2.970404e-101
3.880000e+00 2.329137e-101
3.893333e+00 -4.801696e-102
3.906667e+00 -2.132688e-102
3.920000e+00 1.672410e-102
3.933333e+00 -3.449567e-103
3.946667e+00 -1.535938e-103
3.960000e+00 1.223715e-103
3.973333e+00 -2.769725e-104
3.986667e+00 -1.762552e-104
4.000000e+00 0.000000e+00
