0.000000e+00 0.000000e+00
1.333333e-02 0.000000e+00
2.666667e-02 0.000000e+00
4.000000e-02 0.000000e+00
5.333333e-02 0.000000e+00
6.666667e-02 0.000000e+00
8.000000e-02 0.000000e+00
9.333333e-02 0.000000e+00
1.066667e-01 0.000000e+00
1.200000e-01 0.000000e+00
1.333333e-01 0.000000e+00
1.466667e-01 0.000000e+00
1.600000e-01 0.000000e+00
1.733333e-01 0.000000e+00
1.866667e-01 0.000000e+00
2.000000e-01 0.000000e+00
2.133333e-01 -3.056500e-03
2.266667e-01 -6.092601e-03
2.400000e-01 -9.087903e-03
2.533333e-01 -1.202201e-02
2.666667e-01 -1.487451e-02
2.800000e-01 -1.762502e-02
2.933333e-01 -2.025314e-02
3.066667e-01 -2.273846e-02
3.200000e-01 -2.506058e-02
3.333333e-01 -2.719911e-02
3.466667e-01 -2.913365e-02
3.600000e-01 -3.084379e-02
3.733333e-01 -3.230914e-02
3.866667e-01 -3.350930e-02
4.000000e-01 -3.442388e-02
4.133333e-01 -3.503246e-02
4.266667e-01 -3.531465e-02
4.400000e-01 -3.525005e-02
4.533333e-01 -3.481826e-02
4.666667e-01 -3.399889e-02
4.800000e-01 -3.277153e-02
4.933333e-01 -3.111578e-02
5.066667e-01 -2.901125e-02
5.200000e-01 -2.643754e-02
5.333333e-01 -2.337424e-02
5.466667e-01 -1.980095e-02
5.600000e-01 -1.569729e-02
5.733333e-01 -1.104284e-02
5.866667e-01 -5.817210e-03
6.000000e-01 -3.108624e-16
6.133333e-01 6.408791e-03
6.266667e-01 1.332756e-02
6.400000e-01 2.065433e-02
6.533333e-01 2.828708e-02
6.666667e-01 3.612382e-02
6.800000e-01 4.406256e-02
6.933333e-01 5.200130e-02
7.066667e-01 5.983804e-02
7.200000e-01 6.747080e-02
7.333333e-01 7.479756e-02
7.466667e-01 8.171633e-02
7.600000e-01 8.812512e-02
7.733333e-01 9.392193e-02
7.866667e-01 9.900476e-02
8.000000e-01 1.032716e-01
8.133333e-01 1.066205e-01
8.266667e-01 1.089494e-01
8.400000e-01 1.101564e-01
8.533333e-01 1.101394e-01
8.666667e-01 1.087964e-01
8.800000e-01 1.060255e-01
8.933333e-01 1.017247e-01
9.066667e-01 9.579187e-02
9.200000e-01 8.812512e-02
9.333333e-01 7.862243e-02
9.466667e-01 6.718180e-02
9.600000e-01 5.370125e-02
9.733333e-01 3.807876e-02
9.866667e-01 2.021234e-02
1.000000e+00 2.176037e-15
1.013333e+00 -2.257866e-02
1.026667e+00 -4.721766e-02
1.040000e+00 -7.352940e-02
1.053333e+00 -1.011263e-01
1.066667e+00 -1.296208e-01
1.080000e+00 -1.586252e-01
1.093333e+00 -1.877521e-01
1.106667e+00 -2.166137e-01
1.120000e+00 -2.448226e-01
1.133333e+00 -2.719911e-01
1.146667e+00 -2.977317e-01
1.160000e+00 -3.216567e-01
1.173333e+00 -3.433786e-01
1.186667e+00 -3.625098e-01
1.200000e+00 -3.786626e-01
1.213333e+00 -3.914496e-01
1.226667e+00 -4.004831e-01
1.240000e+00 -4.053756e-01
1.253333e+00 -4.057393e-01
1.266667e+00 -4.011869e-01
1.280000e+00 -3.913306e-01
1.293333e+00 -3.757829e-01
1.306667e+00 -3.541562e-01
1.320000e+00 -3.260629e-01
1.333333e+00 -2.911155e-01
1.346667e+00 -2.489263e-01
1.360000e+00 -1.991077e-01
1.373333e+00 -1.412722e-01
1.386667e+00 -7.503215e-02
1.400000e+00 6.624484e-15
1.413333e+00 8.401579e-02
1.426667e+00 1.764225e-01
1.440000e+00 2.764313e-01
1.453333e+00 3.832534e-01
1.466667e+00 4.961001e-01
1.480000e+00 6.141825e-01
1.493333e+00 7.367119e-01
1.506667e+00 8.628995e-01
1.520000e+00 9.919564e-01
1.533333e+00 1.123094e+00
1.546667e+00 1.255523e+00
1.560000e+00 1.388456e+00
1.573333e+00 1.521102e+00
1.586667e+00 1.652674e+00
1.600000e+00 1.782383e+00
1.613333e+00 1.909439e+00
1.626667e+00 2.033055e+00
1.640000e+00 2.152440e+00
1.653333e+00 2.266807e+00
1.666667e+00 2.375367e+00
1.680000e+00 2.477331e+00
1.693333e+00 2.571910e+00
1.706667e+00 2.658315e+00
1.720000e+00 2.735758e+00
1.733333e+00 2.803449e+00
1.746667e+00 2.860601e+00
1.760000e+00 2.906423e+00
1.773333e+00 2.940128e+00
1.786667e+00 2.960927e+00
1.800000e+00 2.968030e+00
1.813333e+00 2.960912e+00
1.826667e+00 2.940099e+00
1.840000e+00 2.906380e+00
1.853333e+00 2.860543e+00
1.866667e+00 2.803378e+00
1.880000e+00 2.735674e+00
1.893333e+00 2.658218e+00
1.906667e+00 2.571801e+00
1.920000e+00 2.477211e+00
1.933333e+00 2.375237e+00
1.946667e+00 2.266668e+00
1.960000e+00 2.152293e+00
1.973333e+00 2.032900e+00
1.986667e+00 1.909279e+00
2.000000e+00 1.782218e+00
2.013333e+00 1.652506e+00
2.026667e+00 1.520933e+00
2.040000e+00 1.388287e+00
2.053333e+00 1.255357e+00
2.066667e+00 1.122931e+00
2.080000e+00 9.917996e-01
2.093333e+00 8.627506e-01
2.106667e+00 7.365731e-01
2.120000e+00 6.140560e-01
2.133333e+00 4.959883e-01
2.146667e+00 3.831587e-01
2.160000e+00 2.763562e-01
2.173333e+00 1.763696e-01
2.186667e+00 8.398795e-02
2.200000e+00 -1.589291e-14
2.213333e+00 -7.500148e-02
2.226667e+00 -1.412084e-01
2.240000e+00 -1.990089e-01
2.253333e+00 -2.487909e-01
2.266667e+00 -2.909426e-01
2.280000e+00 -3.258521e-01
2.293333e+00 -3.539074e-01
2.306667e+00 -3.754966e-01
2.320000e+00 -3.910078e-01
2.333333e+00 -4.008290e-01
2.346667e+00 -4.053484e-01
2.360000e+00 -4.049539e-01
2.373333e+00 -4.000337e-01
2.386667e+00 -3.909759e-01
2.400000e+00 -3.781685e-01
2.413333e+00 -3.619996e-01
2.426667e+00 -3.428573e-01
2.440000e+00 -3.211296e-01
2.453333e+00 -2.972047e-01
2.466667e+00 -2.714706e-01
2.480000e+00 -2.443153e-01
2.493333e+00 -2.161270e-01
2.506667e+00 -1.872937e-01
2.520000e+00 -1.582036e-01
2.533333e+00 -1.292446e-01
2.546667e+00 -1.008049e-01
2.560000e+00 -7.327245e-02
2.573333e+00 -4.703546e-02
2.586667e+00 -2.248195e-02
2.600000e+00 -1.776357e-15
2.613333e+00 2.010431e-02
2.626667e+00 3.785283e-02
2.640000e+00 5.334943e-02
2.653333e+00 6.669795e-02
2.666667e+00 7.800224e-02
2.680000e+00 8.736615e-02
2.693333e+00 9.489353e-02
2.706667e+00 1.006882e-01
2.720000e+00 1.048541e-01
2.733333e+00 1.074951e-01
2.746667e+00 1.087148e-01
2.760000e+00 1.086174e-01
2.773333e+00 1.073065e-01
2.786667e+00 1.048860e-01
2.800000e+00 1.014598e-01
2.813333e+00 9.713180e-02
2.826667e+00 9.200574e-02
2.840000e+00 8.618552e-02
2.853333e+00 7.977499e-02
2.866667e+00 7.287800e-02
2.880000e+00 6.559840e-02
2.893333e+00 5.804004e-02
2.906667e+00 5.030677e-02
2.920000e+00 4.250245e-02
2.933333e+00 3.473092e-02
2.946667e+00 2.709604e-02
2.960000e+00 1.970166e-02
2.973333e+00 1.265162e-02
2.986667e+00 6.049785e-03
3.000000e+00 2.220446e-15
3.013333e+00 -5.415746e-03
3.026667e+00 -1.020292e-02
3.040000e+00 -1.438885e-02
3.053333e+00 -1.800087e-02
3.066667e+00 -2.106630e-02
3.080000e+00 -2.361247e-02
3.093333e+00 -2.566672e-02
3.106667e+00 -2.725637e-02
3.120000e+00 -2.840876e-02
3.133333e+00 -2.915120e-02
3.146667e+00 -2.951104e-02
3.160000e+00 -2.951559e-02
3.173333e+00 -2.919219e-02
3.186667e+00 -2.856818e-02
3.200000e+00 -2.767087e-02
3.213333e+00 -2.652759e-02
3.226667e+00 -2.516568e-02
3.240000e+00 -2.361247e-02
3.253333e+00 -2.189528e-02
3.266667e+00 -2.004145e-02
3.280000e+00 -1.807830e-02
3.293333e+00 -1.603316e-02
3.306667e+00 -1.393336e-02
3.320000e+00 -1.180624e-02
3.333333e+00 -9.679110e-03
3.346667e+00 -7.579312e-03
3.360000e+00 -5.534173e-03
3.373333e+00 -3.571022e-03
3.386667e+00 -1.717188e-03
3.400000e+00 -1.176836e-15
3.413333e+00 1.558678e-03
3.426667e+00 2.958847e-03
3.440000e+00 4.205972e-03
3.453333e+00 5.305518e-03
3.466667e+00 6.262953e-03
3.480000e+00 7.083742e-03
3.493333e+00 7.773350e-03
3.506667e+00 8.337243e-03
3.520000e+00 8.780888e-03
3.533333e+00 9.109750e-03
3.546667e+00 9.329295e-03
3.560000e+00 9.444989e-03
3.573333e+00 9.462297e-03
3.586667e+00 9.386687e-03
3.600000e+00 9.223622e-03
3.613333e+00 8.978570e-03
3.626667e+00 8.656996e-03
3.640000e+00 8.264365e-03
3.653333e+00 7.806145e-03
3.666667e+00 7.287800e-03
3.680000e+00 6.714797e-03
3.693333e+00 6.092601e-03
3.706667e+00 5.426678e-03
3.720000e+00 4.722494e-03
3.733333e+00 3.985516e-03
3.746667e+00 3.221208e-03
3.760000e+00 2.435036e-03
3.773333e+00 1.632467e-03
3.786667e+00 8.189665e-04
3.800000e+00 8.437695e-16
3.813333e+00 0.000000e+00
3.826667e+00 0.000000e+00
3.840000e+00 0.000000e+00
3.853333e+00 0.000000e+00
3.866667e+00 0.000000e+00
3.880000e+00 0.000000e+00
3.893333e+00 0.000000e+00
3.906667e+00 0.000000e+00
3.920000e+00 0.000000e+00
3.933333e+00 0.000000e+00
3.946667e+00 0.000000e+00
3.960000e+00 0.000000e+00
3.973333e+00 0.000000e+00
3.986667e+00 0.000000e+00
4.000000e+00 0.000000e+00
