0.000000e+00 0.000000e+00
1.333333e-02 2.076661e-30
2.666667e-02 3.263325e-30
4.000000e-02 -1.441796e-29
5.333333e-02 1.809662e-29
6.666667e-02 4.064323e-29
8.000000e-02 -1.970455e-28
9.333333e-02 2.512760e-28
1.066667e-01 5.657419e-28
1.200000e-01 -2.744219e-27
1.333333e-01 3.499768e-27
1.466667e-01 7.879743e-27
1.600000e-01 -3.822202e-26
1.733333e-01 4.874547e-26
1.866667e-01 1.097507e-25
2.000000e-01 -5.323641e-25
2.133333e-01 6.789368e-25
2.266667e-01 1.528630e-24
2.400000e-01 -7.414875e-24
2.533333e-01 9.456370e-24
2.666667e-01 2.129106e-23
2.800000e-01 -1.032759e-22
2.933333e-01 1.317102e-22
3.066667e-01 2.965463e-22
3.200000e-01 -1.438448e-21
3.333333e-01 1.834487e-21
3.466667e-01 4.130356e-21
3.600000e-01 -2.003499e-20
3.733333e-01 2.555111e-20
3.866667e-01 5.752844e-20
4.000000e-01 -2.790514e-19
4.133333e-01 3.558810e-19
4.266667e-01 8.012679e-19
4.400000e-01 -3.886685e-18
4.533333e-01 4.956783e-18
4.666667e-01 1.116022e-17
4.800000e-01 -5.413453e-17
4.933333e-01 6.903909e-17
5.066667e-01 1.554418e-16
5.200000e-01 -7.539968e-16
5.333333e-01 9.615904e-16
5.466667e-01 2.165025e-15
5.600000e-01 -1.050182e-14
5.733333e-01 1.339323e-14
5.866667e-01 3.015491e-14
6.000000e-01 -1.462715e-13
6.133333e-01 1.865436e-13
6.266667e-01 4.200038e-13
6.400000e-01 -2.037299e-12
6.533333e-01 2.598217e-12
6.666667e-01 5.849898e-12
6.800000e-01 -2.837592e-11
6.933333e-01 3.618849e-11
7.066667e-01 8.147857e-11
7.200000e-01 -3.952255e-10
7.333333e-01 5.040407e-10
7.466667e-01 1.134850e-09
7.600000e-01 -5.504781e-09
7.733333e-01 7.020381e-09
7.866667e-01 1.580642e-08
8.000000e-01 -7.667171e-08
8.133333e-01 9.778130e-08
8.266667e-01 2.201551e-07
8.400000e-01 -1.067899e-06
8.533333e-01 1.361918e-06
8.666667e-01 3.066364e-06
8.800000e-01 -1.487392e-05
8.933333e-01 1.896907e-05
9.066667e-01 4.270895e-05
9.200000e-01 -2.071669e-04
9.333333e-01 2.642050e-04
9.466667e-01 5.948589e-04
9.600000e-01 -2.885463e-03
9.733333e-01 3.679901e-03
9.866667e-01 8.285316e-03
1.000000e+00 -4.018932e-02
1.013333e+00 5.125441e-02
1.026667e+00 1.153996e-01
1.040000e+00 -5.597650e-01
1.053333e+00 7.396723e-01
1.066667e+00 4.831112e+00
1.080000e+00 6.130310e+00
1.093333e+00 5.455558e+00
1.106667e+00 5.519980e+00
1.120000e+00 5.608492e+00
1.133333e+00 5.565545e+00
1.146667e+00 5.574027e+00
1.160000e+00 5.539786e+00
1.173333e+00 5.613285e+00
1.186667e+00 5.667614e+00
1.200000e+00 4.932466e+00
1.213333e+00 4.090288e+00
1.226667e+00 4.099073e+00
1.240000e+00 4.694061e+00
1.253333e+00 3.663284e+00
1.266667e+00 5.587006e-01
1.280000e+00 -4.227197e-01
1.293333e+00 8.714669e-02
1.306667e+00 3.870597e-02
1.320000e+00 -3.034991e-02
1.333333e+00 6.256851e-03
1.346667e+00 2.778964e-03
1.360000e+00 -2.179025e-03
1.373333e+00 4.492217e-04
1.386667e+00 1.995206e-04
1.400000e+00 -1.564470e-04
1.413333e+00 3.225266e-05
1.426667e+00 1.432494e-05
1.440000e+00 -1.123239e-05
1.453333e+00 2.315637e-06
1.466667e+00 1.028484e-06
1.480000e+00 -8.064491e-07
1.493333e+00 1.662553e-07
1.506667e+00 7.384184e-08
1.520000e+00 -5.790044e-08
1.533333e+00 1.193659e-08
1.546667e+00 5.301606e-09
1.560000e+00 -4.157065e-09
1.573333e+00 8.570087e-10
1.586667e+00 3.806382e-10
1.600000e+00 -2.984638e-10
1.613333e+00 6.153045e-11
1.626667e+00 2.732859e-11
1.640000e+00 -2.142874e-11
1.653333e+00 4.417688e-12
1.666667e+00 1.962105e-12
1.680000e+00 -1.538514e-12
1.693333e+00 3.171757e-13
1.706667e+00 1.408728e-13
1.720000e+00 -1.104604e-13
1.733333e+00 2.277219e-14
1.746667e+00 1.011421e-14
1.760000e+00 -7.930696e-15
1.773333e+00 1.634970e-15
1.786667e+00 7.261676e-16
1.800000e+00 -5.693984e-16
1.813333e+00 1.173856e-16
1.826667e+00 5.213649e-17
1.840000e+00 -4.088096e-17
1.853333e+00 8.427903e-18
1.866667e+00 3.743231e-18
1.880000e+00 -2.935121e-18
1.893333e+00 6.050962e-19
1.906667e+00 2.687519e-19
1.920000e+00 -2.107322e-19
1.933333e+00 4.344396e-20
1.946667e+00 1.929552e-20
1.960000e+00 -1.512989e-20
1.973333e+00 3.119136e-21
1.986667e+00 1.385356e-21
2.000000e+00 -1.086277e-21
2.013333e+00 2.239439e-22
2.026667e+00 9.946409e-23
2.040000e+00 -7.799121e-23
2.053333e+00 1.607845e-23
2.066667e+00 7.141200e-24
2.080000e+00 -5.599517e-24
2.093333e+00 1.154380e-24
2.106667e+00 5.127151e-25
2.120000e+00 -4.020272e-25
2.133333e+00 8.288079e-26
2.146667e+00 3.681129e-26
2.160000e+00 -2.886426e-26
2.173333e+00 5.950573e-27
2.186667e+00 2.642932e-27
2.200000e+00 -2.072360e-27
2.213333e+00 4.272319e-28
2.226667e+00 1.897539e-28
2.240000e+00 -1.487888e-28
2.253333e+00 3.067387e-29
2.266667e+00 1.362372e-29
2.280000e+00 -1.068255e-29
2.293333e+00 2.202285e-30
2.306667e+00 9.781391e-31
2.320000e+00 -7.669728e-31
2.333333e+00 1.581169e-31
2.346667e+00 7.022723e-32
2.360000e+00 -5.506617e-32
2.373333e+00 1.135229e-32
2.386667e+00 5.042088e-33
2.400000e+00 -3.953573e-33
2.413333e+00 8.150574e-34
2.426667e+00 3.620056e-34
2.440000e+00 -2.838538e-34
2.453333e+00 5.851849e-35
2.466667e+00 2.599084e-35
2.480000e+00 -2.037979e-35
2.493333e+00 4.201439e-36
2.506667e+00 1.866058e-36
2.520000e+00 -1.463203e-36
2.533333e+00 3.016497e-37
2.546667e+00 1.339769e-37
2.560000e+00 -1.050532e-37
2.573333e+00 2.165748e-38
2.586667e+00 9.619112e-39
2.600000e+00 -7.542483e-39
2.613333e+00 1.554937e-39
2.626667e+00 6.906211e-40
2.640000e+00 -5.415259e-40
2.653333e+00 1.116394e-40
2.666667e+00 4.958437e-41
2.680000e+00 -3.887981e-41
2.693333e+00 8.015351e-42
2.706667e+00 3.559997e-42
2.720000e+00 -2.791445e-42
2.733333e+00 5.754763e-43
2.746667e+00 2.555963e-43
2.760000e+00 -2.004167e-43
2.773333e+00 4.131734e-44
2.786667e+00 1.835099e-44
2.800000e+00 -1.438927e-44
2.813333e+00 2.966452e-45
2.826667e+00 1.317542e-45
2.840000e+00 -1.033103e-45
2.853333e+00 2.129816e-46
2.866667e+00 9.459524e-47
2.880000e+00 -7.417348e-47
2.893333e+00 1.529139e-47
2.906667e+00 6.791633e-48
2.920000e+00 -5.325416e-48
2.933333e+00 1.097873e-48
2.946667e+00 4.876173e-49
2.960000e+00 -3.823477e-49
2.973333e+00 7.882371e-50
2.986667e+00 3.500935e-50
3.000000e+00 -2.745133e-50
3.013333e+00 5.659288e-51
3.026667e+00 2.513558e-51
3.040000e+00 -1.970917e-51
3.053333e+00 4.063186e-52
3.066667e+00 1.804653e-52
3.080000e+00 -1.415055e-52
3.093333e+00 2.917236e-53
3.106667e+00 1.295683e-53
3.120000e+00 -1.015963e-53
3.133333e+00 2.094481e-54
3.146667e+00 9.302585e-55
3.160000e+00 -7.294289e-55
3.173333e+00 1.503770e-55
3.186667e+00 6.678955e-56
3.200000e+00 -5.237064e-56
3.213333e+00 1.079658e-56
3.226667e+00 4.795274e-57
3.240000e+00 -3.760043e-57
3.253333e+00 7.751598e-58
3.266667e+00 3.442852e-58
3.280000e+00 -2.699589e-58
3.293333e+00 5.565397e-59
3.306667e+00 2.471857e-59
3.320000e+00 -1.938218e-59
3.333333e+00 3.995775e-60
3.346667e+00 1.774713e-60
3.360000e+00 -1.391578e-60
3.373333e+00 2.868837e-61
3.386667e+00 1.274187e-61
3.400000e+00 -9.991080e-62
3.413333e+00 2.059733e-62
3.426667e+00 9.148249e-63
3.440000e+00 -7.173272e-63
3.453333e+00 1.478821e-63
3.466667e+00 6.568147e-64
3.480000e+00 -5.150178e-64
3.493333e+00 1.061746e-64
3.506667e+00 4.715717e-65
3.520000e+00 -3.697661e-65
3.533333e+00 7.622994e-66
3.546667e+00 3.385733e-66
3.560000e+00 -2.654801e-66
3.573333e+00 5.473063e-67
3.586667e+00 2.430847e-67
3.600000e+00 -1.906062e-67
3.613333e+00 3.929483e-68
3.626667e+00 1.745269e-68
3.640000e+00 -1.368491e-68
3.653333e+00 2.821242e-69
3.666667e+00 1.253047e-69
3.680000e+00 -9.825321e-70
3.693333e+00 2.025560e-70
3.706667e+00 8.996473e-71
3.720000e+00 -7.054263e-71
3.733333e+00 1.454287e-71
3.746667e+00 6.459177e-72
3.760000e+00 -5.064733e-72
3.773333e+00 1.044131e-72
3.786667e+00 4.637481e-73
3.800000e+00 -3.636315e-73
3.813333e+00 7.496523e-74
3.826667e+00 3.329561e-74
3.840000e+00 -2.610757e-74
3.853333e+00 5.382262e-75
3.866667e+00 2.390518e-75
3.880000e+00 -1.874440e-75
3.893333e+00 3.864302e-76
3.906667e+00 1.716342e-76
3.920000e+00 -1.345920e-76
3.933333e+00 2.776137e-77
3.946667e+00 1.236090e-77
3.960000e+00 -9.848195e-78
3.973333e+00 2.229015e-78
3.986667e+00 1.418464e-78
4.000000e+00 0.000000e+00
