0.00000 0.00255 0.00510 0      
0.00510 0.01010 0.01510 0      
0.01510 0.02010 0.02510 0      
0.02510 0.03010 0.03510 0      
0.03510 0.04010 0.04510 0      
0.04510 0.05010 0.05510 0      
0.05510 0.06010 0.06510 0      
0.06510 0.07010 0.07510 0      
0.07510 0.08010 0.08510 0      
0.08510 0.09010 0.09510 0      
0.09510 0.10010 0.10510 0      
0.10510 0.11010 0.11510 0.00160
0.11510 0.12010 0.12510 0.00606
0.12510 0.13010 0.13510 0.19236
0.13510 0.14010 0.14510 1.17235
0.14510 0.15010 0.15510 2.63512
0.15510 0.16010 0.16510 3.63995
0.16510 0.17010 0.17510 3.79756
0.17510 0.18010 0.18510 4.30230
0.18510 0.19010 0.19510 4.92385
0.19510 0.20010 0.20510 5.90916
0.20510 0.21010 0.21510 6.98793
0.21510 0.22010 0.22510 7.48633
0.22510 0.23010 0.23510 7.52431
0.23510 0.24010 0.24510 7.53854
0.24510 0.25010 0.25510 8.08854
0.25510 0.26010 0.26510 8.24135
0.26510 0.27010 0.27510 8.72987
0.27510 0.28010 0.28510 8.34180
0.28510 0.29010 0.29510 7.73280
0.29510 0.30010 0.30510 7.12951
0.30510 0.31010 0.31510 6.27547
0.31510 0.32010 0.32510 5.86884
0.32510 0.33010 0.33510 5.58699
0.33510 0.34010 0.34510 5.76390
0.34510 0.35010 0.35510 5.88610
0.35510 0.36010 0.36510 6.13733
0.36510 0.37010 0.37510 6.45271
0.37510 0.38010 0.38510 6.81036
0.38510 0.39010 0.39510 6.98231
0.39510 0.40010 0.40510 7.27229
0.40510 0.41010 0.41510 7.46711
0.41510 0.42010 0.42510 7.52582
0.42510 0.43010 0.43510 7.53401
0.43510 0.44010 0.44510 7.26350
0.44510 0.45010 0.45510 6.95413
0.45510 0.46010 0.46510 6.85706
0.46510 0.47010 0.47510 6.68738
0.47510 0.48010 0.48510 6.72904
0.48510 0.49010 0.49510 6.69751
0.49510 0.50010 0.50510 6.91594
0.50510 0.51010 0.51510 6.99292
0.51510 0.52010 0.52510 7.18601
0.52510 0.53010 0.53510 7.22577
0.53510 0.54010 0.54510 7.13243
0.54510 0.55010 0.55510 7.10415
0.55510 0.56010 0.56510 6.94367
0.56510 0.57010 0.57510 6.60501
0.57510 0.58010 0.58510 6.50283
0.58510 0.59010 0.59510 6.60697
0.59510 0.60010 0.60510 6.85391
0.60510 0.61010 0.61510 6.78854
0.61510 0.62010 0.62510 6.72609
0.62510 0.63010 0.63510 6.51747
0.63510 0.64010 0.64510 6.38202
0.64510 0.65010 0.65510 6.25689
0.65510 0.66010 0.66510 6.25410
0.66510 0.67010 0.67510 6.28084
0.67510 0.68010 0.68510 6.31111
0.68510 0.69010 0.69510 6.38924
0.69510 0.70010 0.70510 6.23085
0.70510 0.71010 0.71510 6.31770
0.71510 0.72010 0.72510 6.39689
0.72510 0.73010 0.73510 6.30874
0.73510 0.74010 0.74510 6.54236
0.74510 0.75010 0.75510 6.39305
0.75510 0.76010 0.76510 6.54838
0.76510 0.77010 0.77510 6.69300
0.77510 0.78010 0.78510 6.79146
0.78510 0.79010 0.79510 7.10126
0.79510 0.80010 0.80510 7.00588
0.80510 0.81010 0.81510 6.90773
0.81510 0.82010 0.82510 7.29124
0.82510 0.83010 0.83510 7.21408
0.83510 0.84010 0.84510 7.04583
0.84510 0.85010 0.85510 6.91611
0.85510 0.86010 0.86510 6.14568
0.86510 0.87010 0.87510 5.77528
0.87510 0.88010 0.88510 4.63156
0.88510 0.89010 0.89510 3.69524
0.89510 0.90010 0.90510 2.69933
0.90510 0.91010 0.91510 1.72291
0.91510 0.92010 0.92510 1.06719
0.92510 0.93010 0.93510 0.65562
0.93510 0.94010 0.94510 0.36477
0.94510 0.95010 0.95510 0.18379
0.95510 0.96010 0.96510 0.09558
0.96510 0.97010 0.97510 0.07160
0.97510 0.98010 0.98510 0.01865
0.98510 0.99010 0.99510 0.01978
0.99510 1.00010 1.00510 0.00705
1.00510 1.01010 1.01510 0.01134
1.01510 1.02010 1.02510 0.01176
1.02510 1.03010 1.03510 0.00243
   