2.500000e-01 0.000000e+00
2.625000e-01 -6.963900e-85
2.750000e-01 -1.913390e-73
2.875000e-01 -5.257199e-62
3.000000e-01 -1.444459e-50
3.125000e-01 -3.968773e-39
3.250000e-01 -1.090454e-27
3.375000e-01 2.355917e-16
3.500000e-01 1.098082e-15
3.625000e-01 8.726237e-15
3.750000e-01 6.578238e-14
3.875000e-01 4.443109e-13
4.000000e-01 2.696876e-12
4.125000e-01 1.496149e-11
4.250000e-01 7.726008e-11
4.375000e-01 3.664634e-10
4.500000e-01 1.607549e-09
4.625000e-01 6.534431e-09
4.750000e-01 2.471295e-08
4.875000e-01 8.730236e-08
5.000000e-01 2.884451e-07
5.125000e-01 8.945979e-07
5.250000e-01 2.613612e-06
5.375000e-01 7.199631e-06
5.500000e-01 1.877615e-05
5.625000e-01 4.642893e-05
5.750000e-01 1.091114e-04
5.875000e-01 2.443123e-04
6.000000e-01 5.203289e-04
6.125000e-01 1.060483e-03
6.250000e-01 2.079198e-03
6.375000e-01 3.907785e-03
6.500000e-01 7.066646e-03
6.625000e-01 1.231669e-02
6.750000e-01 2.069190e-02
6.875000e-01 3.361076e-02
7.000000e-01 5.286624e-02
7.125000e-01 8.057411e-02
7.250000e-01 1.191615e-01
7.375000e-01 1.713627e-01
7.500000e-01 2.397552e-01
7.625000e-01 3.267654e-01
7.750000e-01 4.350159e-01
7.875000e-01 5.654033e-01
8.000000e-01 7.193995e-01
8.125000e-01 8.965042e-01
8.250000e-01 1.093473e+00
8.375000e-01 1.309023e+00
8.500000e-01 1.538028e+00
8.625000e-01 1.776463e+00
8.750000e-01 2.018758e+00
8.875000e-01 2.258806e+00
9.000000e-01 2.488312e+00
9.125000e-01 2.702607e+00
9.250000e-01 2.895803e+00
9.375000e-01 3.062631e+00
9.500000e-01 3.198654e+00
9.625000e-01 3.300489e+00
9.750000e-01 3.362905e+00
9.875000e-01 3.389237e+00
1.000000e+00 3.387550e+00
1.012500e+00 3.349673e+00
1.025000e+00 3.264875e+00
1.037500e+00 3.153253e+00
1.050000e+00 3.014739e+00
1.062500e+00 2.851247e+00
1.075000e+00 2.672490e+00
1.087500e+00 2.480901e+00
1.100000e+00 2.281331e+00
1.112500e+00 2.078381e+00
1.125000e+00 1.874676e+00
1.137500e+00 1.677250e+00
1.150000e+00 1.487471e+00
1.162500e+00 1.307857e+00
1.175000e+00 1.141192e+00
1.187500e+00 9.863503e-01
1.200000e+00 8.482176e-01
1.212500e+00 7.236889e-01
1.225000e+00 6.108673e-01
1.237500e+00 5.124102e-01
1.250000e+00 4.263282e-01
1.262500e+00 3.524895e-01
1.275000e+00 2.891661e-01
1.287500e+00 2.358290e-01
1.300000e+00 1.910707e-01
1.312500e+00 1.536847e-01
1.325000e+00 1.229599e-01
1.337500e+00 9.778795e-02
1.350000e+00 7.738692e-02
1.362500e+00 6.084264e-02
1.375000e+00 4.757205e-02
1.387500e+00 3.702508e-02
1.400000e+00 2.871094e-02
1.412500e+00 2.215326e-02
1.425000e+00 1.698732e-02
1.437500e+00 1.296879e-02
1.450000e+00 9.847927e-03
1.462500e+00 7.452667e-03
1.475000e+00 5.616550e-03
1.487500e+00 4.215822e-03
1.500000e+00 3.152190e-03
1.512500e+00 2.348125e-03
1.525000e+00 1.741242e-03
1.537500e+00 1.287958e-03
1.550000e+00 9.495051e-04
1.562500e+00 6.970973e-04
1.575000e+00 5.101871e-04
1.587500e+00 3.721653e-04
1.600000e+00 2.714405e-04
1.612500e+00 1.974315e-04
1.625000e+00 1.428478e-04
1.637500e+00 1.031283e-04
1.650000e+00 7.420511e-05
1.662500e+00 5.326967e-05
1.675000e+00 3.815630e-05
1.687500e+00 2.724608e-05
1.700000e+00 1.943532e-05
1.712500e+00 1.380931e-05
1.725000e+00 9.803487e-06
1.737500e+00 6.940353e-06
1.750000e+00 4.905067e-06
1.762500e+00 3.457569e-06
1.775000e+00 2.433207e-06
1.787500e+00 1.706602e-06
1.800000e+00 1.203267e-06
1.812500e+00 8.473086e-07
1.825000e+00 5.912706e-07
1.837500e+00 4.124541e-07
1.850000e+00 2.874144e-07
1.862500e+00 1.998330e-07
1.875000e+00 1.387913e-07
1.887500e+00 9.618867e-08
1.900000e+00 6.667390e-08
1.912500e+00 4.611985e-08
1.925000e+00 3.183619e-08
1.937500e+00 2.198351e-08
1.950000e+00 1.516794e-08
1.962500e+00 1.044517e-08
1.975000e+00 7.186132e-09
1.987500e+00 4.940411e-09
2.000000e+00 3.429184e-09
2.012500e+00 2.379190e-09
2.025000e+00 1.630862e-09
2.037500e+00 1.120373e-09
2.050000e+00 7.683969e-10
2.062500e+00 5.274476e-10
2.075000e+00 3.619061e-10
2.087500e+00 2.482248e-10
2.100000e+00 1.701915e-10
2.112500e+00 1.168237e-10
2.125000e+00 8.017016e-11
2.137500e+00 5.500333e-11
2.150000e+00 3.778784e-11
2.162500e+00 2.595810e-11
2.175000e+00 1.782595e-11
2.187500e+00 1.224562e-11
2.200000e+00 8.506522e-12
2.212500e+00 5.908529e-12
2.225000e+00 4.067329e-12
2.237500e+00 2.803149e-12
2.250000e+00 1.935942e-12
2.262500e+00 1.337144e-12
2.275000e+00 9.252237e-13
2.287500e+00 6.404952e-13
2.300000e+00 4.443341e-13
2.312500e+00 3.082635e-13
2.325000e+00 2.139164e-13
2.337500e+00 1.486265e-13
2.350000e+00 1.034481e-13
2.362500e+00 7.198647e-14
2.375000e+00 5.013522e-14
2.387500e+00 3.498025e-14
2.400000e+00 2.454726e-14
2.412500e+00 1.714708e-14
2.425000e+00 1.193554e-14
2.437500e+00 8.347595e-15
2.450000e+00 5.825723e-15
2.462500e+00 4.122487e-15
2.475000e+00 2.874156e-15
2.487500e+00 1.983447e-15
2.500000e+00 1.419987e-15
2.512500e+00 1.105315e-15
2.525000e+00 6.460723e-16
2.537500e+00 4.271760e-16
2.550000e+00 4.242483e-16
2.562500e+00 2.105823e-16
2.575000e+00 2.088151e-16
2.587500e+00 2.064167e-16
2.600000e+00 1.061384e-23
2.612500e+00 3.862971e-35
2.625000e+00 1.405952e-46
2.637500e+00 5.117048e-58
2.650000e+00 1.862381e-69
2.662500e+00 6.778251e-81
2.675000e+00 2.466986e-92
2.687500e+00 8.978747e-104
2.700000e+00 3.267870e-115
2.712500e+00 1.189361e-126
2.725000e+00 4.328754e-138
2.737500e+00 1.575476e-149
2.750000e+00 5.734043e-161
2.762500e+00 2.086940e-172
2.775000e+00 7.595547e-184
2.787500e+00 2.764446e-195
2.800000e+00 1.006137e-206
2.812500e+00 3.661898e-218
2.825000e+00 1.332770e-229
2.837500e+00 4.850699e-241
2.850000e+00 1.765442e-252
2.862500e+00 6.425433e-264
2.875000e+00 2.338576e-275
2.887500e+00 8.511390e-287
2.900000e+00 3.097773e-298
2.912500e+00 1.127453e-309
2.925000e+00 4.105686e-321
2.937500e+00 0.000000e+00
2.950000e+00 0.000000e+00
2.962500e+00 0.000000e+00
2.975000e+00 0.000000e+00
2.987500e+00 0.000000e+00
3.000000e+00 0.000000e+00
3.012500e+00 0.000000e+00
3.025000e+00 0.000000e+00
3.037500e+00 0.000000e+00
3.050000e+00 0.000000e+00
3.062500e+00 0.000000e+00
3.075000e+00 0.000000e+00
3.087500e+00 0.000000e+00
3.100000e+00 0.000000e+00
3.112500e+00 0.000000e+00
3.125000e+00 0.000000e+00
3.137500e+00 0.000000e+00
3.150000e+00 0.000000e+00
3.162500e+00 0.000000e+00
3.175000e+00 0.000000e+00
3.187500e+00 0.000000e+00
3.200000e+00 0.000000e+00
3.212500e+00 0.000000e+00
3.225000e+00 0.000000e+00
3.237500e+00 0.000000e+00
3.250000e+00 0.000000e+00
3.262500e+00 0.000000e+00
3.275000e+00 0.000000e+00
3.287500e+00 0.000000e+00
3.300000e+00 0.000000e+00
3.312500e+00 0.000000e+00
3.325000e+00 0.000000e+00
3.337500e+00 0.000000e+00
3.350000e+00 0.000000e+00
3.362500e+00 0.000000e+00
3.375000e+00 0.000000e+00
3.387500e+00 0.000000e+00
3.400000e+00 0.000000e+00
3.412500e+00 0.000000e+00
3.425000e+00 0.000000e+00
3.437500e+00 0.000000e+00
3.450000e+00 0.000000e+00
3.462500e+00 0.000000e+00
3.475000e+00 0.000000e+00
3.487500e+00 0.000000e+00
3.500000e+00 0.000000e+00
3.512500e+00 0.000000e+00
3.525000e+00 0.000000e+00
3.537500e+00 0.000000e+00
3.550000e+00 0.000000e+00
3.562500e+00 0.000000e+00
3.575000e+00 0.000000e+00
3.587500e+00 0.000000e+00
3.600000e+00 0.000000e+00
3.612500e+00 0.000000e+00
3.625000e+00 0.000000e+00
3.637500e+00 0.000000e+00
3.650000e+00 0.000000e+00
3.662500e+00 0.000000e+00
3.675000e+00 0.000000e+00
3.687500e+00 0.000000e+00
3.700000e+00 0.000000e+00
3.712500e+00 0.000000e+00
3.725000e+00 0.000000e+00
3.737500e+00 0.000000e+00
3.750000e+00 0.000000e+00
3.762500e+00 0.000000e+00
3.775000e+00 0.000000e+00
3.787500e+00 0.000000e+00
3.800000e+00 0.000000e+00
3.812500e+00 0.000000e+00
3.825000e+00 0.000000e+00
3.837500e+00 0.000000e+00
3.850000e+00 0.000000e+00
3.862500e+00 0.000000e+00
3.875000e+00 0.000000e+00
3.887500e+00 0.000000e+00
3.900000e+00 0.000000e+00
3.912500e+00 0.000000e+00
3.925000e+00 0.000000e+00
3.937500e+00 0.000000e+00
3.950000e+00 0.000000e+00
3.962500e+00 0.000000e+00
3.975000e+00 0.000000e+00
3.987500e+00 0.000000e+00
