0.000000e+00 5.833333e-03 1.166667e-02 6.388280e-03
1.166667e-02 1.750000e-02 2.333333e-02 2.522020e-02
2.333333e-02 2.916667e-02 3.500000e-02 4.718206e-02
3.500000e-02 4.083333e-02 4.666667e-02 7.072281e-02
4.666667e-02 5.250000e-02 5.833333e-02 9.512970e-02
5.833333e-02 6.416667e-02 7.000000e-02 1.199764e-01
7.000000e-02 7.583333e-02 8.166667e-02 1.449765e-01
8.166667e-02 8.750000e-02 9.333333e-02 1.699250e-01
9.333333e-02 9.916667e-02 1.050000e-01 1.946689e-01
1.050000e-01 1.108333e-01 1.166667e-01 2.190913e-01
1.166667e-01 1.225000e-01 1.283333e-01 2.431011e-01
1.283333e-01 1.341667e-01 1.400000e-01 2.666269e-01
1.400000e-01 1.458333e-01 1.516667e-01 2.896124e-01
1.516667e-01 1.575000e-01 1.633333e-01 3.120131e-01
1.633333e-01 1.691667e-01 1.750000e-01 3.337942e-01
1.750000e-01 1.808333e-01 1.866667e-01 3.549289e-01
1.866667e-01 1.925000e-01 1.983333e-01 3.753965e-01
1.983333e-01 2.041667e-01 2.100000e-01 3.951820e-01
2.100000e-01 2.158333e-01 2.216667e-01 4.142748e-01
2.216667e-01 2.275000e-01 2.333333e-01 4.326682e-01
2.333333e-01 2.391667e-01 2.450000e-01 4.503587e-01
2.450000e-01 2.508333e-01 2.566667e-01 4.673457e-01
2.566667e-01 2.625000e-01 2.683333e-01 4.836308e-01
2.683333e-01 2.741667e-01 2.800000e-01 4.992177e-01
2.800000e-01 2.858333e-01 2.916667e-01 5.141120e-01
2.916667e-01 2.975000e-01 3.033333e-01 5.283205e-01
3.033333e-01 3.091667e-01 3.150000e-01 5.418515e-01
3.150000e-01 3.208333e-01 3.266667e-01 5.547144e-01
3.266667e-01 3.325000e-01 3.383333e-01 5.669194e-01
3.383333e-01 3.441667e-01 3.500000e-01 5.784776e-01
3.500000e-01 3.558333e-01 3.616667e-01 5.894007e-01
3.616667e-01 3.675000e-01 3.733333e-01 5.997010e-01
3.733333e-01 3.791667e-01 3.850000e-01 6.093913e-01
3.850000e-01 3.908333e-01 3.966667e-01 6.184847e-01
3.966667e-01 4.025000e-01 4.083333e-01 6.269947e-01
4.083333e-01 4.141667e-01 4.200000e-01 6.349349e-01
4.200000e-01 4.258333e-01 4.316667e-01 6.423192e-01
4.316667e-01 4.375000e-01 4.433333e-01 6.491616e-01
4.433333e-01 4.491667e-01 4.550000e-01 6.554761e-01
4.550000e-01 4.608333e-01 4.666667e-01 6.612769e-01
4.666667e-01 4.725000e-01 4.783333e-01 6.665780e-01
4.783333e-01 4.841667e-01 4.900000e-01 6.713934e-01
4.900000e-01 4.958333e-01 5.016667e-01 6.757374e-01
5.016667e-01 5.075000e-01 5.133333e-01 6.796236e-01
5.133333e-01 5.191667e-01 5.250000e-01 6.830660e-01
5.250000e-01 5.308333e-01 5.366667e-01 6.860782e-01
5.366667e-01 5.425000e-01 5.483333e-01 6.886738e-01
5.483333e-01 5.541667e-01 5.600000e-01 6.908661e-01
5.600000e-01 5.658333e-01 5.716667e-01 6.926684e-01
5.716667e-01 5.775000e-01 5.833333e-01 6.940936e-01
5.833333e-01 5.891667e-01 5.950000e-01 6.951545e-01
5.950000e-01 6.008333e-01 6.066667e-01 6.958638e-01
6.066667e-01 6.125000e-01 6.183333e-01 6.962338e-01
6.183333e-01 6.241667e-01 6.300000e-01 6.962768e-01
6.300000e-01 6.358333e-01 6.416667e-01 6.960045e-01
6.416667e-01 6.475000e-01 6.533333e-01 6.954288e-01
6.533333e-01 6.591667e-01 6.650000e-01 6.945611e-01
6.650000e-01 6.708333e-01 6.766667e-01 6.934127e-01
6.766667e-01 6.825000e-01 6.883333e-01 6.919945e-01
6.883333e-01 6.941667e-01 7.000000e-01 6.903173e-01
7.000000e-01 7.058333e-01 7.116667e-01 6.883915e-01
7.116667e-01 7.175000e-01 7.233333e-01 6.862275e-01
7.233333e-01 7.291667e-01 7.350000e-01 6.838353e-01
7.350000e-01 7.408333e-01 7.466667e-01 6.812247e-01
7.466667e-01 7.525000e-01 7.583333e-01 6.784052e-01
7.583333e-01 7.641667e-01 7.700000e-01 6.753861e-01
7.700000e-01 7.758333e-01 7.816667e-01 6.721765e-01
7.816667e-01 7.875000e-01 7.933333e-01 6.687851e-01
7.933333e-01 7.991667e-01 8.050000e-01 6.652207e-01
8.050000e-01 8.108333e-01 8.166667e-01 6.614916e-01
8.166667e-01 8.225000e-01 8.283333e-01 6.576058e-01
8.283333e-01 8.341667e-01 8.400000e-01 6.535714e-01
8.400000e-01 8.458333e-01 8.516667e-01 6.493960e-01
8.516667e-01 8.575000e-01 8.633333e-01 6.450872e-01
8.633333e-01 8.691667e-01 8.750000e-01 6.406520e-01
8.750000e-01 8.808333e-01 8.866667e-01 6.360977e-01
8.866667e-01 8.925000e-01 8.983333e-01 6.314310e-01
8.983333e-01 9.041667e-01 9.100000e-01 6.266586e-01
9.100000e-01 9.158333e-01 9.216667e-01 6.217869e-01
9.216667e-01 9.275000e-01 9.333333e-01 6.168221e-01
9.333333e-01 9.391667e-01 9.450000e-01 6.117703e-01
9.450000e-01 9.508333e-01 9.566667e-01 6.066374e-01
9.566667e-01 9.625000e-01 9.683333e-01 6.014289e-01
9.683333e-01 9.741667e-01 9.800000e-01 5.961504e-01
9.800000e-01 9.858333e-01 9.916667e-01 5.908072e-01
9.916667e-01 9.975000e-01 1.003333e+00 5.854044e-01
1.003333e+00 1.009167e+00 1.015000e+00 5.799470e-01
1.015000e+00 1.020833e+00 1.026667e+00 5.744397e-01
1.026667e+00 1.032500e+00 1.038333e+00 5.688872e-01
1.038333e+00 1.044167e+00 1.050000e+00 5.632939e-01
1.050000e+00 1.055833e+00 1.061667e+00 5.576642e-01
1.061667e+00 1.067500e+00 1.073333e+00 5.520022e-01
1.073333e+00 1.079167e+00 1.085000e+00 5.463120e-01
1.085000e+00 1.090833e+00 1.096667e+00 5.405973e-01
1.096667e+00 1.102500e+00 1.108333e+00 5.348619e-01
1.108333e+00 1.114167e+00 1.120000e+00 5.291094e-01
1.120000e+00 1.125833e+00 1.131667e+00 5.233432e-01
1.131667e+00 1.137500e+00 1.143333e+00 5.175667e-01
1.143333e+00 1.149167e+00 1.155000e+00 5.117830e-01
1.155000e+00 1.160833e+00 1.166667e+00 5.059952e-01
1.166667e+00 1.172500e+00 1.178333e+00 5.002063e-01
1.178333e+00 1.184167e+00 1.190000e+00 4.944190e-01
1.190000e+00 1.195833e+00 1.201667e+00 4.886361e-01
1.201667e+00 1.207500e+00 1.213333e+00 4.828602e-01
1.213333e+00 1.219167e+00 1.225000e+00 4.770938e-01
1.225000e+00 1.230833e+00 1.236667e+00 4.713392e-01
1.236667e+00 1.242500e+00 1.248333e+00 4.655988e-01
1.248333e+00 1.254167e+00 1.260000e+00 4.598747e-01
1.260000e+00 1.265833e+00 1.271667e+00 4.541690e-01
1.271667e+00 1.277500e+00 1.283333e+00 4.484837e-01
1.283333e+00 1.289167e+00 1.295000e+00 4.428207e-01
1.295000e+00 1.300833e+00 1.306667e+00 4.371818e-01
1.306667e+00 1.312500e+00 1.318333e+00 4.315687e-01
1.318333e+00 1.324167e+00 1.330000e+00 4.259831e-01
1.330000e+00 1.335833e+00 1.341667e+00 4.204266e-01
1.341667e+00 1.347500e+00 1.353333e+00 4.149006e-01
1.353333e+00 1.359167e+00 1.365000e+00 4.094065e-01
1.365000e+00 1.370833e+00 1.376667e+00 4.039457e-01
1.376667e+00 1.382500e+00 1.388333e+00 3.985194e-01
1.388333e+00 1.394167e+00 1.400000e+00 3.931289e-01
1.400000e+00 1.405833e+00 1.411667e+00 3.877751e-01
1.411667e+00 1.417500e+00 1.423333e+00 3.824593e-01
1.423333e+00 1.429167e+00 1.435000e+00 3.771825e-01
1.435000e+00 1.440833e+00 1.446667e+00 3.719454e-01
1.446667e+00 1.452500e+00 1.458333e+00 3.667491e-01
1.458333e+00 1.464167e+00 1.470000e+00 3.615944e-01
1.470000e+00 1.475833e+00 1.481667e+00 3.564819e-01
1.481667e+00 1.487500e+00 1.493333e+00 3.514125e-01
1.493333e+00 1.499167e+00 1.505000e+00 3.463869e-01
1.505000e+00 1.510833e+00 1.516667e+00 3.414055e-01
1.516667e+00 1.522500e+00 1.528333e+00 3.364690e-01
1.528333e+00 1.534167e+00 1.540000e+00 3.315780e-01
1.540000e+00 1.545833e+00 1.551667e+00 3.267328e-01
1.551667e+00 1.557500e+00 1.563333e+00 3.219339e-01
1.563333e+00 1.569167e+00 1.575000e+00 3.171818e-01
1.575000e+00 1.580833e+00 1.586667e+00 3.124768e-01
1.586667e+00 1.592500e+00 1.598333e+00 3.078191e-01
1.598333e+00 1.604167e+00 1.610000e+00 3.032091e-01
1.610000e+00 1.615833e+00 1.621667e+00 2.986471e-01
1.621667e+00 1.627500e+00 1.633333e+00 2.941332e-01
1.633333e+00 1.639167e+00 1.645000e+00 2.896675e-01
1.645000e+00 1.650833e+00 1.656667e+00 2.852504e-01
1.656667e+00 1.662500e+00 1.668333e+00 2.808818e-01
1.668333e+00 1.674167e+00 1.680000e+00 2.765619e-01
1.680000e+00 1.685833e+00 1.691667e+00 2.722907e-01
1.691667e+00 1.697500e+00 1.703333e+00 2.680682e-01
1.703333e+00 1.709167e+00 1.715000e+00 2.638945e-01
1.715000e+00 1.720833e+00 1.726667e+00 2.597696e-01
1.726667e+00 1.732500e+00 1.738333e+00 2.556933e-01
1.738333e+00 1.744167e+00 1.750000e+00 2.516657e-01
1.750000e+00 1.755833e+00 1.761667e+00 2.476867e-01
1.761667e+00 1.767500e+00 1.773333e+00 2.437561e-01
1.773333e+00 1.779167e+00 1.785000e+00 2.398738e-01
1.785000e+00 1.790833e+00 1.796667e+00 2.360398e-01
1.796667e+00 1.802500e+00 1.808333e+00 2.322537e-01
1.808333e+00 1.814167e+00 1.820000e+00 2.285155e-01
1.820000e+00 1.825833e+00 1.831667e+00 2.248250e-01
1.831667e+00 1.837500e+00 1.843333e+00 2.211818e-01
1.843333e+00 1.849167e+00 1.855000e+00 2.175860e-01
1.855000e+00 1.860833e+00 1.866667e+00 2.140370e-01
1.866667e+00 1.872500e+00 1.878333e+00 2.105349e-01
1.878333e+00 1.884167e+00 1.890000e+00 2.070791e-01
1.890000e+00 1.895833e+00 1.901667e+00 2.036696e-01
1.901667e+00 1.907500e+00 1.913333e+00 2.003060e-01
1.913333e+00 1.919167e+00 1.925000e+00 1.969880e-01
1.925000e+00 1.930833e+00 1.936667e+00 1.937152e-01
1.936667e+00 1.942500e+00 1.948333e+00 1.904875e-01
1.948333e+00 1.954167e+00 1.960000e+00 1.873044e-01
1.960000e+00 1.965833e+00 1.971667e+00 1.841656e-01
1.971667e+00 1.977500e+00 1.983333e+00 1.810708e-01
1.983333e+00 1.989167e+00 1.995000e+00 1.780196e-01
1.995000e+00 2.000833e+00 2.006667e+00 1.750117e-01
2.006667e+00 2.012500e+00 2.018333e+00 1.720466e-01
2.018333e+00 2.024167e+00 2.030000e+00 1.691242e-01
2.030000e+00 2.035833e+00 2.041667e+00 1.662438e-01
2.041667e+00 2.047500e+00 2.053333e+00 1.634053e-01
2.053333e+00 2.059167e+00 2.065000e+00 1.606081e-01
2.065000e+00 2.070833e+00 2.076667e+00 1.578520e-01
2.076667e+00 2.082500e+00 2.088333e+00 1.551365e-01
2.088333e+00 2.094167e+00 2.100000e+00 1.524612e-01
2.100000e+00 2.105833e+00 2.111667e+00 1.498257e-01
2.111667e+00 2.117500e+00 2.123333e+00 1.472296e-01
2.123333e+00 2.129167e+00 2.135000e+00 1.446726e-01
2.135000e+00 2.140833e+00 2.146667e+00 1.421541e-01
2.146667e+00 2.152500e+00 2.158333e+00 1.396739e-01
2.158333e+00 2.164167e+00 2.170000e+00 1.372314e-01
2.170000e+00 2.175833e+00 2.181667e+00 1.348263e-01
2.181667e+00 2.187500e+00 2.193333e+00 1.324582e-01
2.193333e+00 2.199167e+00 2.205000e+00 1.301267e-01
2.205000e+00 2.210833e+00 2.216667e+00 1.278313e-01
2.216667e+00 2.222500e+00 2.228333e+00 1.255716e-01
2.228333e+00 2.234167e+00 2.240000e+00 1.233472e-01
2.240000e+00 2.245833e+00 2.251667e+00 1.211577e-01
2.251667e+00 2.257500e+00 2.263333e+00 1.190027e-01
2.263333e+00 2.269167e+00 2.275000e+00 1.168818e-01
2.275000e+00 2.280833e+00 2.286667e+00 1.147945e-01
2.286667e+00 2.292500e+00 2.298333e+00 1.127404e-01
2.298333e+00 2.304167e+00 2.310000e+00 1.107193e-01
2.310000e+00 2.315833e+00 2.321667e+00 1.087305e-01
2.321667e+00 2.327500e+00 2.333333e+00 1.067737e-01
2.333333e+00 2.339167e+00 2.345000e+00 1.048486e-01
2.345000e+00 2.350833e+00 2.356667e+00 1.029546e-01
2.356667e+00 2.362500e+00 2.368333e+00 1.010915e-01
2.368333e+00 2.374167e+00 2.380000e+00 9.925878e-02
2.380000e+00 2.385833e+00 2.391667e+00 9.745604e-02
2.391667e+00 2.397500e+00 2.403333e+00 9.568292e-02
2.403333e+00 2.409167e+00 2.415000e+00 9.393900e-02
2.415000e+00 2.420833e+00 2.426667e+00 9.222391e-02
2.426667e+00 2.432500e+00 2.438333e+00 9.053724e-02
2.438333e+00 2.444167e+00 2.450000e+00 8.887861e-02
2.450000e+00 2.455833e+00 2.461667e+00 8.724764e-02
2.461667e+00 2.467500e+00 2.473333e+00 8.564395e-02
2.473333e+00 2.479167e+00 2.485000e+00 8.406715e-02
2.485000e+00 2.490833e+00 2.496667e+00 8.251687e-02
2.496667e+00 2.502500e+00 2.508333e+00 8.099273e-02
2.508333e+00 2.514167e+00 2.520000e+00 7.949437e-02
2.520000e+00 2.525833e+00 2.531667e+00 7.802142e-02
2.531667e+00 2.537500e+00 2.543333e+00 7.657351e-02
2.543333e+00 2.549167e+00 2.555000e+00 7.515028e-02
2.555000e+00 2.560833e+00 2.566667e+00 7.375138e-02
2.566667e+00 2.572500e+00 2.578333e+00 7.237645e-02
2.578333e+00 2.584167e+00 2.590000e+00 7.102513e-02
2.590000e+00 2.595833e+00 2.601667e+00 6.969709e-02
2.601667e+00 2.607500e+00 2.613333e+00 6.839198e-02
2.613333e+00 2.619167e+00 2.625000e+00 6.710945e-02
2.625000e+00 2.630833e+00 2.636667e+00 6.584916e-02
2.636667e+00 2.642500e+00 2.648333e+00 6.461079e-02
2.648333e+00 2.654167e+00 2.660000e+00 6.339400e-02
2.660000e+00 2.665833e+00 2.671667e+00 6.219847e-02
2.671667e+00 2.677500e+00 2.683333e+00 6.102387e-02
2.683333e+00 2.689167e+00 2.695000e+00 5.986987e-02
2.695000e+00 2.700833e+00 2.706667e+00 5.873617e-02
2.706667e+00 2.712500e+00 2.718333e+00 5.762245e-02
2.718333e+00 2.724167e+00 2.730000e+00 5.652840e-02
2.730000e+00 2.735833e+00 2.741667e+00 5.545371e-02
2.741667e+00 2.747500e+00 2.753333e+00 5.439809e-02
2.753333e+00 2.759167e+00 2.765000e+00 5.336122e-02
2.765000e+00 2.770833e+00 2.776667e+00 5.234282e-02
2.776667e+00 2.782500e+00 2.788333e+00 5.134260e-02
2.788333e+00 2.794167e+00 2.800000e+00 5.036026e-02
2.800000e+00 2.805833e+00 2.811667e+00 4.939552e-02
2.811667e+00 2.817500e+00 2.823333e+00 4.844809e-02
2.823333e+00 2.829167e+00 2.835000e+00 4.751771e-02
2.835000e+00 2.840833e+00 2.846667e+00 4.660410e-02
2.846667e+00 2.852500e+00 2.858333e+00 4.570697e-02
2.858333e+00 2.864167e+00 2.870000e+00 4.482608e-02
2.870000e+00 2.875833e+00 2.881667e+00 4.396115e-02
2.881667e+00 2.887500e+00 2.893333e+00 4.311191e-02
2.893333e+00 2.899167e+00 2.905000e+00 4.227813e-02
2.905000e+00 2.910833e+00 2.916667e+00 4.145953e-02
2.916667e+00 2.922500e+00 2.928333e+00 4.065588e-02
2.928333e+00 2.934167e+00 2.940000e+00 3.986691e-02
2.940000e+00 2.945833e+00 2.951667e+00 3.909240e-02
2.951667e+00 2.957500e+00 2.963333e+00 3.833209e-02
2.963333e+00 2.969167e+00 2.975000e+00 3.758576e-02
2.975000e+00 2.980833e+00 2.986667e+00 3.685316e-02
2.986667e+00 2.992500e+00 2.998333e+00 3.613407e-02
2.998333e+00 3.004167e+00 3.010000e+00 3.542826e-02
3.010000e+00 3.015833e+00 3.021667e+00 3.473550e-02
3.021667e+00 3.027500e+00 3.033333e+00 3.405558e-02
3.033333e+00 3.039167e+00 3.045000e+00 3.338827e-02
3.045000e+00 3.050833e+00 3.056667e+00 3.273336e-02
3.056667e+00 3.062500e+00 3.068333e+00 3.209065e-02
3.068333e+00 3.074167e+00 3.080000e+00 3.145991e-02
3.080000e+00 3.085833e+00 3.091667e+00 3.084095e-02
3.091667e+00 3.097500e+00 3.103333e+00 3.023356e-02
3.103333e+00 3.109167e+00 3.115000e+00 2.963755e-02
3.115000e+00 3.120833e+00 3.126667e+00 2.905271e-02
3.126667e+00 3.132500e+00 3.138333e+00 2.847885e-02
3.138333e+00 3.144167e+00 3.150000e+00 2.791579e-02
3.150000e+00 3.155833e+00 3.161667e+00 2.736333e-02
3.161667e+00 3.167500e+00 3.173333e+00 2.682128e-02
3.173333e+00 3.179167e+00 3.185000e+00 2.628948e-02
3.185000e+00 3.190833e+00 3.196667e+00 2.576773e-02
3.196667e+00 3.202500e+00 3.208333e+00 2.525586e-02
3.208333e+00 3.214167e+00 3.220000e+00 2.475370e-02
3.220000e+00 3.225833e+00 3.231667e+00 2.426107e-02
3.231667e+00 3.237500e+00 3.243333e+00 2.377781e-02
3.243333e+00 3.249167e+00 3.255000e+00 2.330375e-02
3.255000e+00 3.260833e+00 3.266667e+00 2.283873e-02
3.266667e+00 3.272500e+00 3.278333e+00 2.238258e-02
3.278333e+00 3.284167e+00 3.290000e+00 2.193515e-02
3.290000e+00 3.295833e+00 3.301667e+00 2.149629e-02
3.301667e+00 3.307500e+00 3.313333e+00 2.106583e-02
3.313333e+00 3.319167e+00 3.325000e+00 2.064362e-02
3.325000e+00 3.330833e+00 3.336667e+00 2.022953e-02
3.336667e+00 3.342500e+00 3.348333e+00 1.982340e-02
3.348333e+00 3.354167e+00 3.360000e+00 1.942509e-02
3.360000e+00 3.365833e+00 3.371667e+00 1.903446e-02
3.371667e+00 3.377500e+00 3.383333e+00 1.865137e-02
3.383333e+00 3.389167e+00 3.395000e+00 1.827568e-02
3.395000e+00 3.400833e+00 3.406667e+00 1.790726e-02
3.406667e+00 3.412500e+00 3.418333e+00 1.754597e-02
3.418333e+00 3.424167e+00 3.430000e+00 1.719168e-02
3.430000e+00 3.435833e+00 3.441667e+00 1.684428e-02
3.441667e+00 3.447500e+00 3.453333e+00 1.650362e-02
3.453333e+00 3.459167e+00 3.465000e+00 1.616959e-02
3.465000e+00 3.470833e+00 3.476667e+00 1.584207e-02
3.476667e+00 3.482500e+00 3.488333e+00 1.552093e-02
3.488333e+00 3.494167e+00 3.500000e+00 1.520606e-02
