2.500000e-01 0.000000e+00
2.625000e-01 0.000000e+00
2.750000e-01 0.000000e+00
2.875000e-01 0.000000e+00
3.000000e-01 0.000000e+00
3.125000e-01 0.000000e+00
3.250000e-01 0.000000e+00
3.375000e-01 0.000000e+00
3.500000e-01 0.000000e+00
3.625000e-01 0.000000e+00
3.750000e-01 0.000000e+00
3.875000e-01 0.000000e+00
4.000000e-01 0.000000e+00
4.125000e-01 0.000000e+00
4.250000e-01 0.000000e+00
4.375000e-01 0.000000e+00
4.500000e-01 0.000000e+00
4.625000e-01 0.000000e+00
4.750000e-01 0.000000e+00
4.875000e-01 0.000000e+00
5.000000e-01 0.000000e+00
5.125000e-01 0.000000e+00
5.250000e-01 0.000000e+00
5.375000e-01 0.000000e+00
5.500000e-01 0.000000e+00
5.625000e-01 0.000000e+00
5.750000e-01 0.000000e+00
5.875000e-01 0.000000e+00
6.000000e-01 0.000000e+00
6.125000e-01 0.000000e+00
6.250000e-01 0.000000e+00
6.375000e-01 0.000000e+00
6.500000e-01 -1.462434e-321
6.625000e-01 -4.013055e-310
6.750000e-01 -1.102621e-298
6.875000e-01 -3.029542e-287
7.000000e-01 -8.323922e-276
7.125000e-01 -2.287067e-264
7.250000e-01 -6.283909e-253
7.375000e-01 -1.726557e-241
7.500000e-01 -4.743859e-230
7.625000e-01 -1.303415e-218
7.750000e-01 -3.581242e-207
7.875000e-01 -9.839763e-196
8.000000e-01 -2.703557e-184
8.125000e-01 -7.428251e-173
8.250000e-01 -2.040974e-161
8.375000e-01 -5.607747e-150
8.500000e-01 -1.540776e-138
8.625000e-01 -4.233410e-127
8.750000e-01 -1.163165e-115
8.875000e-01 -3.195893e-104
9.000000e-01 -8.780984e-93
9.125000e-01 -2.412649e-81
9.250000e-01 -6.628955e-70
9.375000e-01 -1.821361e-58
9.500000e-01 -5.004342e-47
9.625000e-01 -1.374985e-35
9.750000e-01 -3.777886e-24
9.875000e-01 2.732901e-16
1.000000e+00 1.117027e-15
1.012500e+00 4.223182e-15
1.025000e+00 1.623478e-14
1.037500e+00 6.188763e-14
1.050000e+00 2.239046e-13
1.062500e+00 7.756600e-13
1.075000e+00 2.579738e-12
1.087500e+00 8.239127e-12
1.100000e+00 2.529985e-11
1.112500e+00 7.478010e-11
1.125000e+00 2.128175e-10
1.137500e+00 5.847769e-10
1.150000e+00 1.551770e-09
1.162500e+00 3.980782e-09
1.175000e+00 9.890027e-09
1.187500e+00 2.377085e-08
1.200000e+00 5.555446e-08
1.212500e+00 1.260057e-07
1.225000e+00 2.767229e-07
1.237500e+00 5.914818e-07
1.250000e+00 1.228935e-06
1.262500e+00 2.488214e-06
1.275000e+00 4.904511e-06
1.287500e+00 9.435089e-06
1.300000e+00 1.771217e-05
1.312500e+00 3.244075e-05
1.325000e+00 5.811373e-05
1.337500e+00 1.017975e-04
1.350000e+00 1.746388e-04
1.362500e+00 2.930774e-04
1.375000e+00 4.818363e-04
1.387500e+00 7.770919e-04
1.400000e+00 1.231016e-03
1.412500e+00 1.913934e-03
1.425000e+00 2.917678e-03
1.437500e+00 4.370894e-03
1.450000e+00 6.430801e-03
1.462500e+00 9.313730e-03
1.475000e+00 1.327288e-02
1.487500e+00 1.862083e-02
1.500000e+00 2.572937e-02
1.512500e+00 3.503122e-02
1.525000e+00 4.697459e-02
1.537500e+00 6.218123e-02
1.550000e+00 8.121226e-02
1.562500e+00 1.045979e-01
1.575000e+00 1.330234e-01
1.587500e+00 1.670667e-01
1.600000e+00 2.079058e-01
1.612500e+00 2.557932e-01
1.625000e+00 3.104116e-01
1.637500e+00 3.728004e-01
1.650000e+00 4.427066e-01
1.662500e+00 5.204719e-01
1.675000e+00 6.060014e-01
1.687500e+00 6.983225e-01
1.700000e+00 7.982514e-01
1.712500e+00 9.027364e-01
1.725000e+00 1.013319e+00
1.737500e+00 1.127059e+00
1.750000e+00 1.243703e+00
1.762500e+00 1.360612e+00
1.775000e+00 1.477408e+00
1.787500e+00 1.589840e+00
1.800000e+00 1.710211e+00
1.812500e+00 1.827743e+00
1.825000e+00 1.925457e+00
1.837500e+00 2.017364e+00
1.850000e+00 2.100934e+00
1.862500e+00 2.172405e+00
1.875000e+00 2.233176e+00
1.887500e+00 2.279953e+00
1.900000e+00 2.317320e+00
1.912500e+00 2.339712e+00
1.925000e+00 2.346826e+00
1.937500e+00 2.344257e+00
1.950000e+00 2.329512e+00
1.962500e+00 2.300275e+00
1.975000e+00 2.259443e+00
1.987500e+00 2.208213e+00
2.000000e+00 2.169312e+00
2.012500e+00 2.121419e+00
2.025000e+00 2.040678e+00
2.037500e+00 1.959024e+00
2.050000e+00 1.869571e+00
2.062500e+00 1.778168e+00
2.075000e+00 1.683409e+00
2.087500e+00 1.586376e+00
2.100000e+00 1.488118e+00
2.112500e+00 1.391699e+00
2.125000e+00 1.295750e+00
2.137500e+00 1.201102e+00
2.150000e+00 1.110234e+00
2.162500e+00 1.021898e+00
2.175000e+00 9.364267e-01
2.187500e+00 8.548569e-01
2.200000e+00 7.858932e-01
2.212500e+00 7.195552e-01
2.225000e+00 6.502506e-01
2.237500e+00 5.859681e-01
2.250000e+00 5.269811e-01
2.262500e+00 4.721240e-01
2.275000e+00 4.221460e-01
2.287500e+00 3.760850e-01
2.300000e+00 3.344492e-01
2.312500e+00 2.963822e-01
2.325000e+00 2.617431e-01
2.337500e+00 2.303685e-01
2.350000e+00 2.024546e-01
2.362500e+00 1.773487e-01
2.375000e+00 1.548459e-01
2.387500e+00 1.349697e-01
2.400000e+00 1.176397e-01
2.412500e+00 1.022265e-01
2.425000e+00 8.830669e-02
2.437500e+00 7.594874e-02
2.450000e+00 6.526587e-02
2.462500e+00 5.592874e-02
2.475000e+00 4.770239e-02
2.487500e+00 4.065719e-02
2.500000e+00 3.456174e-02
2.512500e+00 2.924569e-02
2.525000e+00 2.473470e-02
2.537500e+00 2.082535e-02
2.550000e+00 1.752721e-02
2.562500e+00 1.468642e-02
2.575000e+00 1.227607e-02
2.587500e+00 1.020663e-02
2.600000e+00 8.539025e-03
2.612500e+00 7.128308e-03
2.625000e+00 5.888005e-03
2.637500e+00 4.857399e-03
2.650000e+00 3.990476e-03
2.662500e+00 3.278593e-03
2.675000e+00 2.682222e-03
2.687500e+00 2.189889e-03
2.700000e+00 1.784375e-03
2.712500e+00 1.447691e-03
2.725000e+00 1.175028e-03
2.737500e+00 9.496095e-04
2.750000e+00 7.659575e-04
2.762500e+00 6.166907e-04
2.775000e+00 4.954832e-04
2.787500e+00 3.967477e-04
2.800000e+00 3.212502e-04
2.812500e+00 2.597040e-04
2.825000e+00 2.069279e-04
2.837500e+00 1.643853e-04
2.850000e+00 1.307542e-04
2.862500e+00 1.038236e-04
2.875000e+00 8.206022e-05
2.887500e+00 6.494059e-05
2.900000e+00 5.114998e-05
2.912500e+00 4.034500e-05
2.925000e+00 3.166823e-05
2.937500e+00 2.489674e-05
2.950000e+00 1.947503e-05
2.962500e+00 1.526180e-05
2.975000e+00 1.193741e-05
2.987500e+00 9.301706e-06
3.000000e+00 7.370054e-06
3.012500e+00 5.832617e-06
3.025000e+00 4.526386e-06
3.037500e+00 3.514810e-06
3.050000e+00 2.725761e-06
3.062500e+00 2.119204e-06
3.075000e+00 1.638197e-06
3.087500e+00 1.269927e-06
3.100000e+00 9.830326e-07
3.112500e+00 7.562651e-07
3.125000e+00 5.836272e-07
3.137500e+00 4.497218e-07
3.150000e+00 3.477977e-07
3.162500e+00 2.672371e-07
3.175000e+00 2.049291e-07
3.187500e+00 1.574155e-07
3.200000e+00 1.228464e-07
3.212500e+00 9.577840e-08
3.225000e+00 7.332205e-08
3.237500e+00 5.618894e-08
3.250000e+00 4.301288e-08
3.262500e+00 3.287561e-08
3.275000e+00 2.508987e-08
3.287500e+00 1.911798e-08
3.300000e+00 1.454370e-08
3.312500e+00 1.104496e-08
3.325000e+00 8.439276e-09
3.337500e+00 6.387448e-09
3.350000e+00 4.866034e-09
3.362500e+00 3.702059e-09
3.375000e+00 2.811046e-09
3.387500e+00 2.124210e-09
3.400000e+00 1.646273e-09
3.412500e+00 1.274923e-09
3.425000e+00 9.598984e-10
3.437500e+00 7.236986e-10
3.450000e+00 5.447788e-10
3.462500e+00 4.139262e-10
3.475000e+00 3.103449e-10
3.487500e+00 2.350485e-10
3.500000e+00 1.754385e-10
3.512500e+00 1.323812e-10
3.525000e+00 9.971220e-11
3.537500e+00 7.496002e-11
3.550000e+00 5.711262e-11
3.562500e+00 4.278591e-11
3.575000e+00 3.195713e-11
3.587500e+00 2.416535e-11
3.600000e+00 1.854373e-11
3.612500e+00 1.421696e-11
3.625000e+00 1.071290e-11
3.637500e+00 8.085147e-12
3.650000e+00 6.094855e-12
3.662500e+00 4.586109e-12
3.675000e+00 3.522750e-12
3.687500e+00 2.643244e-12
3.700000e+00 2.027392e-12
3.712500e+00 1.554234e-12
3.725000e+00 1.161090e-12
3.737500e+00 8.885665e-13
3.750000e+00 6.979562e-13
3.762500e+00 5.338997e-13
3.775000e+00 4.079998e-13
3.787500e+00 3.206343e-13
3.800000e+00 2.519559e-13
3.812500e+00 1.980258e-13
3.825000e+00 1.556519e-13
3.837500e+00 1.223629e-13
3.850000e+00 9.619899e-14
3.862500e+00 7.774794e-14
3.875000e+00 6.113992e-14
3.887500e+00 4.938974e-14
3.900000e+00 3.988225e-14
3.912500e+00 3.218479e-14
3.925000e+00 2.596971e-14
3.937500e+00 2.144407e-14
3.950000e+00 1.727418e-14
3.962500e+00 1.422821e-14
3.975000e+00 1.169056e-14
3.987500e+00 9.632190e-15
