0.000000e+00 0.000000e+00
1.333333e-02 0.000000e+00
2.666667e-02 0.000000e+00
4.000000e-02 0.000000e+00
5.333333e-02 0.000000e+00
6.666667e-02 0.000000e+00
8.000000e-02 0.000000e+00
9.333333e-02 0.000000e+00
1.066667e-01 0.000000e+00
1.200000e-01 0.000000e+00
1.333333e-01 0.000000e+00
1.466667e-01 0.000000e+00
1.600000e-01 0.000000e+00
1.733333e-01 0.000000e+00
1.866667e-01 0.000000e+00
2.000000e-01 0.000000e+00
2.133333e-01 -7.968555e-02
2.266667e-01 -1.588393e-01
2.400000e-01 -2.369293e-01
2.533333e-01 -3.134239e-01
2.666667e-01 -3.877912e-01
2.800000e-01 -4.594993e-01
2.933333e-01 -5.280165e-01
3.066667e-01 -5.928109e-01
3.200000e-01 -6.533506e-01
3.333333e-01 -7.091039e-01
3.466667e-01 -7.595389e-01
3.600000e-01 -8.041238e-01
3.733333e-01 -8.423268e-01
3.866667e-01 -8.736160e-01
4.000000e-01 -8.974596e-01
4.133333e-01 -9.133258e-01
4.266667e-01 -9.206828e-01
4.400000e-01 -9.189986e-01
4.533333e-01 -9.077416e-01
4.666667e-01 -8.863799e-01
4.800000e-01 -8.543816e-01
4.933333e-01 -8.112149e-01
5.066667e-01 -7.563479e-01
5.200000e-01 -6.892490e-01
5.333333e-01 -6.093862e-01
5.466667e-01 -5.162276e-01
5.600000e-01 -4.092416e-01
5.733333e-01 -2.878962e-01
5.866667e-01 -1.516596e-01
6.000000e-01 -8.171241e-15
6.133333e-01 1.672884e-01
6.266667e-01 3.491070e-01
6.400000e-01 5.440313e-01
6.533333e-01 7.506368e-01
6.666667e-01 9.674988e-01
6.800000e-01 1.193193e+00
6.933333e-01 1.426294e+00
7.066667e-01 1.665378e+00
7.200000e-01 1.909021e+00
7.333333e-01 2.155797e+00
7.466667e-01 2.404282e+00
7.600000e-01 2.653052e+00
7.733333e-01 2.900682e+00
7.866667e-01 3.145747e+00
8.000000e-01 3.386823e+00
8.133333e-01 3.622486e+00
8.266667e-01 3.851310e+00
8.400000e-01 4.071871e+00
8.533333e-01 4.282744e+00
8.666667e-01 4.482506e+00
8.800000e-01 4.669731e+00
8.933333e-01 4.842995e+00
9.066667e-01 5.000873e+00
9.200000e-01 5.141941e+00
9.333333e-01 5.264774e+00
9.466667e-01 5.367948e+00
9.600000e-01 5.450037e+00
9.733333e-01 5.509618e+00
9.866667e-01 5.545266e+00
1.000000e+00 5.555556e+00
1.013333e+00 5.539544e+00
1.026667e+00 5.498214e+00
1.040000e+00 5.433026e+00
1.053333e+00 5.345445e+00
1.066667e+00 5.236932e+00
1.080000e+00 5.108951e+00
1.093333e+00 4.962963e+00
1.106667e+00 4.800433e+00
1.120000e+00 4.622823e+00
1.133333e+00 4.431595e+00
1.146667e+00 4.228212e+00
1.160000e+00 4.014137e+00
1.173333e+00 3.790833e+00
1.186667e+00 3.559763e+00
1.200000e+00 3.322389e+00
1.213333e+00 3.080174e+00
1.226667e+00 2.834580e+00
1.240000e+00 2.587071e+00
1.253333e+00 2.339110e+00
1.266667e+00 2.092158e+00
1.280000e+00 1.847679e+00
1.293333e+00 1.607136e+00
1.306667e+00 1.371991e+00
1.320000e+00 1.143707e+00
1.333333e+00 9.237469e-01
1.346667e+00 7.135734e-01
1.360000e+00 5.146492e-01
1.373333e+00 3.284370e-01
1.386667e+00 1.563997e-01
1.400000e+00 -1.233125e-14
1.413333e+00 -1.396636e-01
1.426667e+00 -2.629497e-01
1.440000e+00 -3.705808e-01
1.453333e+00 -4.632799e-01
1.466667e+00 -5.417696e-01
1.480000e+00 -6.067727e-01
1.493333e+00 -6.590119e-01
1.506667e+00 -6.992101e-01
1.520000e+00 -7.280898e-01
1.533333e+00 -7.463739e-01
1.546667e+00 -7.547851e-01
1.560000e+00 -7.540461e-01
1.573333e+00 -7.448798e-01
1.586667e+00 -7.280088e-01
1.600000e+00 -7.041559e-01
1.613333e+00 -6.740438e-01
1.626667e+00 -6.383953e-01
1.640000e+00 -5.979332e-01
1.653333e+00 -5.533801e-01
1.666667e+00 -5.054588e-01
1.680000e+00 -4.548921e-01
1.693333e+00 -4.024027e-01
1.706667e+00 -3.487133e-01
1.720000e+00 -2.945468e-01
1.733333e+00 -2.406258e-01
1.746667e+00 -1.876731e-01
1.760000e+00 -1.364114e-01
1.773333e+00 -8.756349e-02
1.786667e+00 -4.185211e-02
1.800000e+00 1.123412e-14
1.813333e+00 3.742283e-02
1.826667e+00 7.045730e-02
1.840000e+00 9.929708e-02
1.853333e+00 1.241358e-01
1.866667e+00 1.451672e-01
1.880000e+00 1.625848e-01
1.893333e+00 1.765823e-01
1.906667e+00 1.873535e-01
1.920000e+00 1.950919e-01
1.933333e+00 1.999912e-01
1.946667e+00 2.022450e-01
1.960000e+00 2.020471e-01
1.973333e+00 1.995911e-01
1.986667e+00 1.950706e-01
2.000000e+00 1.886792e-01
2.013333e+00 1.806108e-01
2.026667e+00 1.710588e-01
2.040000e+00 1.602170e-01
2.053333e+00 1.482791e-01
2.066667e+00 1.354386e-01
2.080000e+00 1.218893e-01
2.093333e+00 1.078247e-01
2.106667e+00 9.343863e-02
2.120000e+00 7.892465e-02
2.133333e+00 6.447645e-02
2.146667e+00 5.028767e-02
2.160000e+00 3.655198e-02
2.173333e+00 2.346303e-02
2.186667e+00 1.121449e-02
2.200000e+00 -2.124881e-15
2.213333e+00 -1.002769e-02
2.226667e+00 -1.887956e-02
2.240000e+00 -2.660747e-02
2.253333e+00 -3.326333e-02
2.266667e+00 -3.889901e-02
2.280000e+00 -4.356641e-02
2.293333e+00 -4.731740e-02
2.306667e+00 -5.020387e-02
2.320000e+00 -5.227772e-02
2.333333e+00 -5.359081e-02
2.346667e+00 -5.419505e-02
2.360000e+00 -5.414231e-02
2.373333e+00 -5.348448e-02
2.386667e+00 -5.227345e-02
2.400000e+00 -5.056110e-02
2.413333e+00 -4.839932e-02
2.426667e+00 -4.584000e-02
2.440000e+00 -4.293501e-02
2.453333e+00 -3.973625e-02
2.466667e+00 -3.629560e-02
2.480000e+00 -3.266494e-02
2.493333e+00 -2.889617e-02
2.506667e+00 -2.504116e-02
2.520000e+00 -2.115181e-02
2.533333e+00 -1.727999e-02
2.546667e+00 -1.347760e-02
2.560000e+00 -9.796522e-03
2.573333e+00 -6.288638e-03
2.586667e+00 -3.005836e-03
2.600000e+00 -3.108624e-16
2.613333e+00 2.687945e-03
2.626667e+00 5.060921e-03
2.640000e+00 7.132815e-03
2.653333e+00 8.917511e-03
2.666667e+00 1.042889e-02
2.680000e+00 1.168085e-02
2.693333e+00 1.268726e-02
2.706667e+00 1.346201e-02
2.720000e+00 1.401899e-02
2.733333e+00 1.437208e-02
2.746667e+00 1.453517e-02
2.760000e+00 1.452214e-02
2.773333e+00 1.434687e-02
2.786667e+00 1.402325e-02
2.800000e+00 1.356517e-02
2.813333e+00 1.298652e-02
2.826667e+00 1.230116e-02
2.840000e+00 1.152300e-02
2.853333e+00 1.066591e-02
2.866667e+00 9.743784e-03
2.880000e+00 8.770502e-03
2.893333e+00 7.759950e-03
2.906667e+00 6.726012e-03
2.920000e+00 5.682575e-03
2.933333e+00 4.643522e-03
2.946667e+00 3.622739e-03
2.960000e+00 2.634110e-03
2.973333e+00 1.691521e-03
2.986667e+00 8.088559e-04
3.000000e+00 3.108624e-16
3.013333e+00 -7.240850e-04
3.026667e+00 -1.364130e-03
3.040000e+00 -1.923788e-03
3.053333e+00 -2.406715e-03
3.066667e+00 -2.816563e-03
3.080000e+00 -3.156986e-03
3.093333e+00 -3.431639e-03
3.106667e+00 -3.644175e-03
3.120000e+00 -3.798249e-03
3.133333e+00 -3.897514e-03
3.146667e+00 -3.945624e-03
3.160000e+00 -3.946233e-03
3.173333e+00 -3.902995e-03
3.186667e+00 -3.819563e-03
3.200000e+00 -3.699593e-03
3.213333e+00 -3.546737e-03
3.226667e+00 -3.364650e-03
3.240000e+00 -3.156986e-03
3.253333e+00 -2.927398e-03
3.266667e+00 -2.679541e-03
3.280000e+00 -2.417067e-03
3.293333e+00 -2.143633e-03
3.306667e+00 -1.862890e-03
3.320000e+00 -1.578493e-03
3.333333e+00 -1.294096e-03
3.346667e+00 -1.013354e-03
3.360000e+00 -7.399186e-04
3.373333e+00 -4.774454e-04
3.386667e+00 -2.295879e-04
3.400000e+00 -1.637579e-16
3.413333e+00 2.083952e-04
3.426667e+00 3.955976e-04
3.440000e+00 5.623381e-04
3.453333e+00 7.093475e-04
3.466667e+00 8.373565e-04
3.480000e+00 9.470958e-04
3.493333e+00 1.039296e-03
3.506667e+00 1.114689e-03
3.520000e+00 1.174004e-03
3.533333e+00 1.217973e-03
3.546667e+00 1.247326e-03
3.560000e+00 1.262794e-03
3.573333e+00 1.265109e-03
3.586667e+00 1.254999e-03
3.600000e+00 1.233198e-03
3.613333e+00 1.200434e-03
3.626667e+00 1.157440e-03
3.640000e+00 1.104945e-03
3.653333e+00 1.043681e-03
3.666667e+00 9.743784e-04
3.680000e+00 8.977679e-04
3.693333e+00 8.145804e-04
3.706667e+00 7.255465e-04
3.720000e+00 6.313972e-04
3.733333e+00 5.328632e-04
3.746667e+00 4.306753e-04
3.760000e+00 3.255642e-04
3.773333e+00 2.182608e-04
3.786667e+00 1.094958e-04
3.800000e+00 1.124101e-16
3.813333e+00 0.000000e+00
3.826667e+00 0.000000e+00
3.840000e+00 0.000000e+00
3.853333e+00 0.000000e+00
3.866667e+00 0.000000e+00
3.880000e+00 0.000000e+00
3.893333e+00 0.000000e+00
3.906667e+00 0.000000e+00
3.920000e+00 0.000000e+00
3.933333e+00 0.000000e+00
3.946667e+00 0.000000e+00
3.960000e+00 0.000000e+00
3.973333e+00 0.000000e+00
3.986667e+00 0.000000e+00
4.000000e+00 0.000000e+00
