0.000000e+00 0.000000e+00
1.333334e-02 2.713625e-15
2.666669e-02 4.446286e-14
4.000003e-02 6.532843e-13
5.333338e-02 2.289424e-11
6.666672e-02 4.264121e-10
8.000007e-02 4.584651e-09
9.333341e-02 3.695610e-08
1.066668e-01 2.415125e-07
1.200001e-01 1.331145e-06
1.333334e-01 6.315612e-06
1.466668e-01 2.618207e-05
1.600001e-01 9.611314e-05
1.733335e-01 3.155765e-04
1.866668e-01 9.347681e-04
2.000002e-01 2.516925e-03
2.133335e-01 6.202364e-03
2.266669e-01 1.407515e-02
2.400002e-01 2.958215e-02
2.533335e-01 5.791724e-02
2.666669e-01 1.061431e-01
2.800002e-01 1.828359e-01
2.933336e-01 2.973137e-01
3.066669e-01 4.582954e-01
3.200003e-01 6.725716e-01
3.333336e-01 9.431544e-01
3.466670e-01 1.268195e+00
3.600003e-01 1.640451e+00
3.733336e-01 2.046777e+00
3.866670e-01 2.471161e+00
4.000003e-01 2.894385e+00
4.133337e-01 3.296214e+00
4.266670e-01 3.656996e+00
4.400004e-01 3.959093e+00
4.533337e-01 4.188017e+00
4.666671e-01 4.333315e+00
4.800004e-01 4.390616e+00
4.933337e-01 4.357484e+00
5.066671e-01 4.237834e+00
5.200004e-01 4.041440e+00
5.333338e-01 3.779085e+00
5.466671e-01 3.465775e+00
5.600005e-01 3.119027e+00
5.733338e-01 2.755200e+00
5.866672e-01 2.389606e+00
6.000005e-01 2.034908e+00
6.133338e-01 1.702554e+00
6.266672e-01 1.400137e+00
6.400005e-01 1.132244e+00
6.533339e-01 9.007659e-01
6.666672e-01 7.053339e-01
6.800006e-01 5.438871e-01
6.933339e-01 4.132139e-01
7.066673e-01 3.094724e-01
7.200006e-01 2.285992e-01
7.333339e-01 1.667352e-01
7.466673e-01 1.200721e-01
7.600006e-01 8.538984e-02
7.733340e-01 6.003508e-02
7.866673e-01 4.176272e-02
8.000007e-01 2.874103e-02
8.133340e-01 1.957702e-02
8.266674e-01 1.320863e-02
8.400007e-01 8.831356e-03
8.533340e-01 5.853901e-03
8.666674e-01 3.848498e-03
8.800007e-01 2.510396e-03
8.933341e-01 1.625421e-03
9.066674e-01 1.045358e-03
9.200008e-01 6.678214e-04
9.333341e-01 4.237994e-04
9.466675e-01 2.674173e-04
9.600008e-01 1.678397e-04
9.733341e-01 1.047767e-04
9.866675e-01 6.507740e-05
1.000001e+00 4.023994e-05
1.013334e+00 2.477833e-05
1.026668e+00 1.519281e-05
1.040001e+00 9.281439e-06
1.053334e+00 5.650808e-06
1.066668e+00 3.429467e-06
1.080001e+00 2.075211e-06
1.093334e+00 1.251867e-06
1.106668e+00 7.532742e-07
1.120001e+00 4.522094e-07
1.133334e+00 2.708914e-07
1.146668e+00 1.619591e-07
1.160001e+00 9.665857e-08
1.173334e+00 5.759427e-08
1.186668e+00 3.426780e-08
1.200001e+00 2.036264e-08
1.213334e+00 1.208595e-08
1.226668e+00 7.169071e-09
1.240001e+00 4.247170e-09
1.253334e+00 2.514267e-09
1.266668e+00 1.488100e-09
1.280001e+00 8.806736e-10
1.293334e+00 5.210031e-10
1.306668e+00 3.080129e-10
1.320001e+00 1.821409e-10
1.333334e+00 1.077470e-10
1.346668e+00 6.374129e-11
1.360001e+00 3.771297e-11
1.373334e+00 2.232824e-11
1.386668e+00 1.322919e-11
1.400001e+00 7.841330e-12
1.413335e+00 4.649944e-12
1.426668e+00 2.760289e-12
1.440001e+00 1.640327e-12
1.453335e+00 9.754379e-13
1.466668e+00 5.803004e-13
1.480001e+00 3.458963e-13
1.493335e+00 2.062412e-13
1.506668e+00 1.228254e-13
1.520001e+00 7.342005e-14
1.533335e+00 4.411404e-14
1.546668e+00 2.635336e-14
1.560001e+00 1.577255e-14
1.573335e+00 9.449207e-15
1.586668e+00 5.741254e-15
1.600001e+00 3.387376e-15
1.613335e+00 2.090073e-15
1.626668e+00 1.243318e-15
1.640001e+00 8.216297e-16
1.653335e+00 4.070072e-16
1.666668e+00 4.031974e-16
1.680001e+00 -1.492312e-20
1.693335e+00 -5.431360e-32
1.706668e+00 -1.976777e-43
1.720001e+00 -7.194601e-55
1.733335e+00 -2.618519e-66
1.746668e+00 -9.530261e-78
1.760001e+00 -3.468597e-89
1.773335e+00 -1.262417e-100
1.786668e+00 -4.594645e-112
1.800002e+00 -1.672249e-123
1.813335e+00 -6.086253e-135
1.826668e+00 -2.215129e-146
1.840002e+00 -8.062099e-158
1.853335e+00 -2.934250e-169
1.866668e+00 -1.067938e-180
1.880002e+00 -3.886828e-192
1.893335e+00 -1.414635e-203
1.906668e+00 -5.148650e-215
1.920002e+00 -1.873883e-226
1.933335e+00 -6.820112e-238
1.946668e+00 -2.482221e-249
1.960002e+00 -9.034197e-261
1.973335e+00 -3.288052e-272
1.986668e+00 -1.196707e-283
2.000002e+00 -4.355487e-295
2.013335e+00 -1.585206e-306
2.026668e+00 -5.769457e-318
2.040002e+00 0.000000e+00
2.053335e+00 0.000000e+00
2.066668e+00 0.000000e+00
2.080002e+00 0.000000e+00
2.093335e+00 0.000000e+00
2.106668e+00 0.000000e+00
2.120002e+00 0.000000e+00
2.133335e+00 0.000000e+00
2.146668e+00 0.000000e+00
2.160002e+00 0.000000e+00
2.173335e+00 0.000000e+00
2.186668e+00 0.000000e+00
2.200002e+00 0.000000e+00
2.213335e+00 0.000000e+00
2.226669e+00 0.000000e+00
2.240002e+00 0.000000e+00
2.253335e+00 0.000000e+00
2.266669e+00 0.000000e+00
2.280002e+00 0.000000e+00
2.293335e+00 0.000000e+00
2.306669e+00 0.000000e+00
2.320002e+00 0.000000e+00
2.333335e+00 0.000000e+00
2.346669e+00 0.000000e+00
2.360002e+00 0.000000e+00
2.373335e+00 0.000000e+00
2.386669e+00 0.000000e+00
2.400002e+00 0.000000e+00
2.413335e+00 0.000000e+00
2.426669e+00 0.000000e+00
2.440002e+00 0.000000e+00
2.453335e+00 0.000000e+00
2.466669e+00 0.000000e+00
2.480002e+00 0.000000e+00
2.493335e+00 0.000000e+00
2.506669e+00 0.000000e+00
2.520002e+00 0.000000e+00
2.533335e+00 0.000000e+00
2.546669e+00 0.000000e+00
2.560002e+00 0.000000e+00
2.573335e+00 0.000000e+00
2.586669e+00 0.000000e+00
2.600002e+00 0.000000e+00
2.613336e+00 0.000000e+00
2.626669e+00 0.000000e+00
2.640002e+00 0.000000e+00
2.653336e+00 0.000000e+00
2.666669e+00 0.000000e+00
2.680002e+00 0.000000e+00
2.693336e+00 0.000000e+00
2.706669e+00 0.000000e+00
2.720002e+00 0.000000e+00
2.733336e+00 0.000000e+00
2.746669e+00 0.000000e+00
2.760002e+00 0.000000e+00
2.773336e+00 0.000000e+00
2.786669e+00 0.000000e+00
2.800002e+00 0.000000e+00
2.813336e+00 0.000000e+00
2.826669e+00 0.000000e+00
2.840002e+00 0.000000e+00
2.853336e+00 0.000000e+00
2.866669e+00 0.000000e+00
2.880002e+00 0.000000e+00
2.893336e+00 0.000000e+00
2.906669e+00 0.000000e+00
2.920002e+00 0.000000e+00
2.933336e+00 0.000000e+00
2.946669e+00 0.000000e+00
2.960002e+00 0.000000e+00
2.973336e+00 0.000000e+00
2.986669e+00 0.000000e+00
3.000003e+00 0.000000e+00
3.013336e+00 0.000000e+00
3.026669e+00 0.000000e+00
3.040003e+00 0.000000e+00
3.053336e+00 0.000000e+00
3.066669e+00 0.000000e+00
3.080003e+00 0.000000e+00
3.093336e+00 0.000000e+00
3.106669e+00 0.000000e+00
3.120003e+00 0.000000e+00
3.133336e+00 0.000000e+00
3.146669e+00 0.000000e+00
3.160003e+00 0.000000e+00
3.173336e+00 0.000000e+00
3.186669e+00 0.000000e+00
3.200003e+00 0.000000e+00
3.213336e+00 0.000000e+00
3.226669e+00 0.000000e+00
3.240003e+00 0.000000e+00
3.253336e+00 0.000000e+00
3.266669e+00 0.000000e+00
3.280003e+00 0.000000e+00
3.293336e+00 0.000000e+00
3.306669e+00 0.000000e+00
3.320003e+00 0.000000e+00
3.333336e+00 0.000000e+00
3.346669e+00 0.000000e+00
3.360003e+00 0.000000e+00
3.373336e+00 0.000000e+00
3.386669e+00 0.000000e+00
3.400003e+00 0.000000e+00
3.413336e+00 0.000000e+00
3.426670e+00 0.000000e+00
3.440003e+00 0.000000e+00
3.453336e+00 0.000000e+00
3.466670e+00 0.000000e+00
3.480003e+00 0.000000e+00
3.493336e+00 0.000000e+00
3.506670e+00 0.000000e+00
3.520003e+00 0.000000e+00
3.533336e+00 0.000000e+00
3.546670e+00 0.000000e+00
3.560003e+00 0.000000e+00
3.573336e+00 0.000000e+00
3.586670e+00 0.000000e+00
3.600003e+00 0.000000e+00
3.613336e+00 0.000000e+00
3.626670e+00 0.000000e+00
3.640003e+00 0.000000e+00
3.653336e+00 0.000000e+00
3.666670e+00 0.000000e+00
3.680003e+00 0.000000e+00
3.693336e+00 0.000000e+00
3.706670e+00 0.000000e+00
3.720003e+00 0.000000e+00
3.733336e+00 0.000000e+00
3.746670e+00 0.000000e+00
3.760003e+00 0.000000e+00
3.773336e+00 0.000000e+00
3.786670e+00 0.000000e+00
3.800003e+00 0.000000e+00
3.813337e+00 0.000000e+00
3.826670e+00 0.000000e+00
3.840003e+00 0.000000e+00
3.853337e+00 0.000000e+00
3.866670e+00 0.000000e+00
3.880003e+00 0.000000e+00
3.893337e+00 0.000000e+00
3.906670e+00 0.000000e+00
3.920003e+00 0.000000e+00
3.933337e+00 0.000000e+00
3.946670e+00 0.000000e+00
3.960003e+00 0.000000e+00
3.973337e+00 0.000000e+00
3.986670e+00 0.000000e+00
4.000003e+00 0.000000e+00
