2.500000e-01 0.000000e+00
2.625000e-01 0.000000e+00
2.750000e-01 0.000000e+00
2.875000e-01 0.000000e+00
3.000000e-01 0.000000e+00
3.125000e-01 0.000000e+00
3.250000e-01 0.000000e+00
3.375000e-01 0.000000e+00
3.500000e-01 0.000000e+00
3.625000e-01 0.000000e+00
3.750000e-01 0.000000e+00
3.875000e-01 0.000000e+00
4.000000e-01 0.000000e+00
4.125000e-01 0.000000e+00
4.250000e-01 0.000000e+00
4.375000e-01 0.000000e+00
4.500000e-01 0.000000e+00
4.625000e-01 0.000000e+00
4.750000e-01 1.111035e-318
4.875000e-01 3.052664e-307
5.000000e-01 8.387450e-296
5.125000e-01 2.304522e-284
5.250000e-01 6.331868e-273
5.375000e-01 1.739734e-261
5.500000e-01 4.780065e-250
5.625000e-01 1.313363e-238
5.750000e-01 3.608574e-227
5.875000e-01 9.914861e-216
6.000000e-01 2.724191e-204
6.125000e-01 7.484943e-193
6.250000e-01 2.056551e-181
6.375000e-01 5.650546e-170
6.500000e-01 1.552535e-158
6.625000e-01 4.265720e-147
6.750000e-01 1.172042e-135
6.875000e-01 3.220284e-124
7.000000e-01 8.848001e-113
7.125000e-01 2.431062e-101
7.250000e-01 6.679548e-90
7.375000e-01 1.835262e-78
7.500000e-01 5.042536e-67
7.625000e-01 1.385479e-55
7.750000e-01 3.806719e-44
7.875000e-01 1.045928e-32
8.000000e-01 2.873775e-21
8.125000e-01 2.595486e-16
8.250000e-01 2.014937e-15
8.375000e-01 9.185671e-15
8.500000e-01 4.034005e-14
8.625000e-01 1.682061e-13
8.750000e-01 6.675546e-13
8.875000e-01 2.517867e-12
9.000000e-01 9.035016e-12
9.125000e-01 3.092007e-11
9.250000e-01 1.010682e-10
9.375000e-01 3.160143e-10
9.500000e-01 9.465417e-10
9.625000e-01 2.719693e-09
9.750000e-01 7.499887e-09
9.875000e-01 1.990151e-08
1.000000e+00 5.099563e-08
1.012500e+00 1.260153e-07
1.025000e+00 2.994224e-07
1.037500e+00 6.883931e-07
1.050000e+00 1.531199e-06
1.062500e+00 3.295610e-06
1.075000e+00 6.882039e-06
1.087500e+00 1.394583e-05
1.100000e+00 2.744930e-05
1.112500e+00 5.252659e-05
1.125000e+00 9.772565e-05
1.137500e+00 1.772267e-04
1.150000e+00 3.132846e-04
1.162500e+00 5.402529e-04
1.175000e+00 9.103282e-04
1.187500e+00 1.496875e-03
1.200000e+00 2.413813e-03
1.212500e+00 3.808987e-03
1.225000e+00 5.867445e-03
1.237500e+00 8.867276e-03
1.250000e+00 1.312849e-02
1.262500e+00 1.908697e-02
1.275000e+00 2.721886e-02
1.287500e+00 3.816317e-02
1.300000e+00 5.259372e-02
1.312500e+00 7.121948e-02
1.325000e+00 9.498575e-02
1.337500e+00 1.247272e-01
1.350000e+00 1.614839e-01
1.362500e+00 2.058756e-01
1.375000e+00 2.588067e-01
1.387500e+00 3.211976e-01
1.400000e+00 3.940197e-01
1.412500e+00 4.773098e-01
1.425000e+00 5.703813e-01
1.437500e+00 6.738016e-01
1.450000e+00 7.863064e-01
1.462500e+00 9.084435e-01
1.475000e+00 1.038529e+00
1.487500e+00 1.175197e+00
1.500000e+00 1.316812e+00
1.512500e+00 1.461508e+00
1.525000e+00 1.605720e+00
1.537500e+00 1.750147e+00
1.550000e+00 1.891164e+00
1.562500e+00 2.024602e+00
1.575000e+00 2.149813e+00
1.587500e+00 2.264080e+00
1.600000e+00 2.372485e+00
1.612500e+00 2.467602e+00
1.625000e+00 2.541104e+00
1.637500e+00 2.599085e+00
1.650000e+00 2.637542e+00
1.662500e+00 2.658380e+00
1.675000e+00 2.661601e+00
1.687500e+00 2.644871e+00
1.700000e+00 2.614051e+00
1.712500e+00 2.562275e+00
1.725000e+00 2.498537e+00
1.737500e+00 2.419174e+00
1.750000e+00 2.328348e+00
1.762500e+00 2.225538e+00
1.775000e+00 2.114746e+00
1.787500e+00 1.994295e+00
1.800000e+00 1.882513e+00
1.812500e+00 1.767443e+00
1.825000e+00 1.637468e+00
1.837500e+00 1.510212e+00
1.850000e+00 1.385626e+00
1.862500e+00 1.263238e+00
1.875000e+00 1.145716e+00
1.887500e+00 1.032671e+00
1.900000e+00 9.271618e-01
1.912500e+00 8.273696e-01
1.925000e+00 7.338509e-01
1.937500e+00 6.485383e-01
1.950000e+00 5.704373e-01
1.962500e+00 4.988208e-01
1.975000e+00 4.341069e-01
1.987500e+00 3.760793e-01
2.000000e+00 3.276752e-01
2.012500e+00 2.843397e-01
2.025000e+00 2.428490e-01
2.037500e+00 2.071117e-01
2.050000e+00 1.757022e-01
2.062500e+00 1.486491e-01
2.075000e+00 1.252654e-01
2.087500e+00 1.051507e-01
2.100000e+00 8.792975e-02
2.112500e+00 7.336321e-02
2.125000e+00 6.098811e-02
2.137500e+00 5.052026e-02
2.150000e+00 4.176817e-02
2.162500e+00 3.441762e-02
2.175000e+00 2.826159e-02
2.187500e+00 2.314104e-02
2.200000e+00 1.910132e-02
2.212500e+00 1.571792e-02
2.225000e+00 1.277921e-02
2.237500e+00 1.037155e-02
2.250000e+00 8.409561e-03
2.262500e+00 6.800072e-03
2.275000e+00 5.493823e-03
2.287500e+00 4.427237e-03
2.300000e+00 3.565301e-03
2.312500e+00 2.864342e-03
2.325000e+00 2.295860e-03
2.337500e+00 1.836044e-03
2.350000e+00 1.467815e-03
2.362500e+00 1.170984e-03
2.375000e+00 9.321726e-04
2.387500e+00 7.416539e-04
2.400000e+00 5.907276e-04
2.412500e+00 4.696247e-04
2.425000e+00 3.715635e-04
2.437500e+00 2.930232e-04
2.450000e+00 2.311522e-04
2.462500e+00 1.820388e-04
2.475000e+00 1.428466e-04
2.487500e+00 1.121371e-04
2.500000e+00 8.789571e-05
2.512500e+00 6.865445e-05
2.525000e+00 5.365615e-05
2.537500e+00 4.179060e-05
2.550000e+00 3.257140e-05
2.562500e+00 2.530095e-05
2.575000e+00 1.962605e-05
2.587500e+00 1.515857e-05
2.600000e+00 1.179343e-05
2.612500e+00 9.164498e-06
2.625000e+00 7.053834e-06
2.637500e+00 5.427857e-06
2.650000e+00 4.163376e-06
2.662500e+00 3.196905e-06
2.675000e+00 2.446687e-06
2.687500e+00 1.870522e-06
2.700000e+00 1.428548e-06
2.712500e+00 1.087323e-06
2.725000e+00 8.287185e-07
2.737500e+00 6.294718e-07
2.750000e+00 4.776397e-07
2.762500e+00 3.620891e-07
2.775000e+00 2.741644e-07
2.787500e+00 2.070652e-07
2.800000e+00 1.582812e-07
2.812500e+00 1.208962e-07
2.825000e+00 9.109091e-08
2.837500e+00 6.848552e-08
2.850000e+00 5.159714e-08
2.862500e+00 3.883748e-08
2.875000e+00 2.912183e-08
2.887500e+00 2.188139e-08
2.900000e+00 1.637625e-08
2.912500e+00 1.228292e-08
2.925000e+00 9.175031e-09
2.937500e+00 6.869457e-09
2.950000e+00 5.121231e-09
2.962500e+00 3.827671e-09
2.975000e+00 2.857473e-09
2.987500e+00 2.126590e-09
3.000000e+00 1.610479e-09
3.012500e+00 1.218976e-09
3.025000e+00 9.053921e-10
3.037500e+00 6.733336e-10
3.050000e+00 5.004334e-10
3.062500e+00 3.731175e-10
3.075000e+00 2.767793e-10
3.087500e+00 2.060237e-10
3.100000e+00 1.532323e-10
3.112500e+00 1.133364e-10
3.125000e+00 8.414142e-11
3.137500e+00 6.241070e-11
3.150000e+00 4.648793e-11
3.162500e+00 3.442435e-11
3.175000e+00 2.545526e-11
3.187500e+00 1.886564e-11
3.200000e+00 1.421329e-11
3.212500e+00 1.070360e-11
3.225000e+00 7.919181e-12
3.237500e+00 5.868288e-12
3.250000e+00 4.346183e-12
3.262500e+00 3.215545e-12
3.275000e+00 2.376707e-12
3.287500e+00 1.754861e-12
3.300000e+00 1.294275e-12
3.312500e+00 9.533871e-13
3.325000e+00 7.069167e-13
3.337500e+00 5.195159e-13
3.350000e+00 3.844394e-13
3.362500e+00 2.842562e-13
3.375000e+00 2.098862e-13
3.387500e+00 1.542823e-13
3.400000e+00 1.163465e-13
3.412500e+00 8.774740e-14
3.425000e+00 6.434337e-14
3.437500e+00 4.724738e-14
3.450000e+00 3.470221e-14
3.462500e+00 2.571136e-14
3.475000e+00 1.880781e-14
3.487500e+00 1.388972e-14
3.500000e+00 1.013979e-14
3.512500e+00 7.483176e-15
3.525000e+00 5.495351e-15
3.537500e+00 4.055113e-15
3.550000e+00 3.024434e-15
3.562500e+00 2.219105e-15
3.575000e+00 1.613971e-15
3.587500e+00 1.203051e-15
3.600000e+00 9.012750e-16
3.612500e+00 6.748395e-16
3.625000e+00 4.971268e-16
3.637500e+00 3.669252e-16
3.650000e+00 2.769805e-16
3.662500e+00 2.047108e-16
3.675000e+00 1.621119e-16
3.687500e+00 1.147493e-16
3.700000e+00 8.405310e-17
3.712500e+00 6.381809e-17
3.725000e+00 5.203049e-17
3.737500e+00 3.379910e-17
3.750000e+00 3.380788e-17
3.762500e+00 1.645570e-17
3.775000e+00 1.600691e-17
3.787500e+00 1.601011e-17
3.800000e+00 1.601012e-17
3.812500e+00 -4.274622e-23
3.825000e+00 -1.555775e-34
3.837500e+00 -5.662339e-46
3.850000e+00 -2.060843e-57
3.862500e+00 -7.500565e-69
3.875000e+00 -2.729877e-80
3.887500e+00 -9.935553e-92
3.900000e+00 -3.616106e-103
3.912500e+00 -1.316104e-114
3.925000e+00 -4.790041e-126
3.937500e+00 -1.743365e-137
3.950000e+00 -6.345083e-149
3.962500e+00 -2.309332e-160
3.975000e+00 -8.404955e-172
3.987500e+00 -3.059035e-183
