0 1.0633872182321635e-05
1 2.552637317395592e-05
2 -1.3452978269970532e-05
3 4.757590318278786e-06
4 3.9712260518809066e-06
5 8.300519499173661e-06
6 4.851984530060167e-06
7 1.1272144357015607e-05
8 -8.691757469726193e-07
9 4.0600861275816114e-06
10 1.909862375323889e-06
11 1.0631847713060279e-06
12 8.180488489512976e-07
13 9.918815886134013e-07
14 -2.1278327137269962e-09
15 4.852320948042913e-07
16 4.915775901583213e-07
17 2.800885926299553e-07
18 1.1186775705216558e-07
19 1.7616272519934422e-07
20 2.9709964086170925e-05
21 4.09211852045138e-06
22 1.9661754463183297e-05
23 1.8631452623763033e-05
24 1.578534562104111e-05
25 1.1448668000087534e-05
26 1.0388945398944869e-05
27 6.4865761042051035e-06
28 3.6878021219583124e-06
29 5.539617584495464e-06
30 2.476710998605846e-06
31 3.1097305390627287e-06
32 1.719181653331341e-06
33 1.1538763913173175e-06
34 1.0972352980684527e-06
35 1.0471445254031023e-06
36 6.859328518219329e-07
37 6.302226230416868e-07
38 5.030181630647822e-07
39 1.1439973764914411e-07
40 2.5507078931490648e-05
41 8.810942214650628e-06
42 2.8455992340991115e-05
43 2.5465535260401937e-05
44 1.846794456745864e-05
45 1.432950231308223e-05
46 8.420834960830842e-06
47 2.868057037218807e-06
48 5.694773023096288e-06
49 4.298769733313017e-06
50 3.7711642167620817e-06
51 3.0665018086656675e-06
52 1.919615038240862e-06
53 1.1575912256366429e-06
54 1.294651924108619e-06
55 1.1370467263723658e-06
56 7.72447668570532e-07
57 5.366126185502103e-07
58 3.52729973894864e-07
59 1.098730036017721e-07
60 2.6730636737733784e-05
61 4.951331488922735e-05
62 2.7898084679308886e-05
63 3.1084734193894756e-05
64 1.0642413310399945e-05
65 2.6341475707015294e-05
66 1.415135199334423e-05
67 1.0510006226902e-05
68 6.926412670229603e-06
69 7.250576280722326e-06
70 3.844429974767228e-06
71 4.29860155869542e-06
72 2.247336462223301e-06
73 2.4679990012605948e-06
74 1.467639777115867e-06
75 1.258929860550521e-06
76 8.908011293567385e-07
77 6.201436575255532e-07
78 6.23896793048862e-07
79 2.567163209935825e-07
80 4.3311766865375345e-05
81 4.326502837439013e-05
82 3.269449101189353e-05
83 2.7877112034376755e-05
84 2.2156482472464517e-05
85 2.2798802644198733e-05
86 1.3215843380327862e-05
87 1.3136312154448961e-05
88 1.0032826013036026e-05
89 6.7596624771554864e-06
90 4.6135294953976344e-06
91 5.054948788977044e-06
92 3.065412937697301e-06
93 2.9242654422037427e-06
94 2.1123560997679505e-06
95 1.2524728536300548e-06
96 1.1177964173536313e-06
97 8.369043066231557e-07
98 7.094813489483948e-07
99 4.172185559242817e-07
100 3.6314338343126e-05
101 8.857017170048047e-05
102 4.810554556963634e-05
103 4.1357670434386336e-05
104 3.524957231993276e-05
105 2.6189922368039754e-05
106 2.267005808971251e-05
107 1.6684238524810995e-05
108 1.250528949424565e-05
109 7.837534477117888e-06
110 6.259235228979463e-06
111 5.5343038198809304e-06
112 4.697807603222856e-06
113 2.730548450596229e-06
114 2.289331268348304e-06
115 1.8722404807033742e-06
116 1.1785868721868178e-06
117 8.574798332497871e-07
118 6.81841412697904e-07
119 2.7244733669645993e-07
120 9.639378054246266e-05
121 6.992767500400797e-05
122 5.9378862698898666e-05
123 5.043330189041189e-05
124 3.9775109052985945e-05
125 3.0546278965468905e-05
126 2.3472038921265463e-05
127 1.7649792168770827e-05
128 1.3275356535396478e-05
129 1.3657959418252599e-05
130 8.633469468605243e-06
131 6.073309024407794e-06
132 4.610809609622922e-06
133 3.860966536869712e-06
134 2.6931011992496226e-06
135 2.2034484297865084e-06
136 1.7039330282768149e-06
137 1.0232933627503487e-06
138 9.529956809683895e-07
139 5.224257493596466e-07
140 0.00011448382782915926
141 0.0001173608756643406
142 0.00010347114535511977
143 6.665357317193834e-05
144 5.9616725895707936e-05
145 3.956283134584823e-05
146 3.1232958968553616e-05
147 2.126608310562996e-05
148 1.921578921365586e-05
149 1.3470785867407407e-05
150 1.0012172880523086e-05
151 9.620152624973513e-06
152 6.644590156716802e-06
153 5.7346967417361e-06
154 4.394435971590418e-06
155 2.690757659736924e-06
156 1.728641160459259e-06
157 1.2560744680424277e-06
158 8.851931648996119e-07
159 2.963690850695503e-07
160 0.00017138182594986722
161 0.0001309853235331862
162 0.00013409759353332108
163 9.832251482065091e-05
164 6.439042856682238e-05
165 5.842156623215336e-05
166 4.4284401481639083e-05
167 3.217387427876024e-05
168 2.3035807486655044e-05
169 1.802764207101892e-05
170 1.4578378596247815e-05
171 1.089430697375398e-05
172 8.789836256604634e-06
173 7.015718463458784e-06
174 4.832941906621541e-06
175 3.4398541994775926e-06
176 2.3181704312147835e-06
177 1.4619829792738757e-06
178 1.0238661225355584e-06
179 4.518240838454171e-07
180 0.0002276795051837306
181 0.00020809076085878946
182 0.00020334564777605343
183 0.00014340120983274136
184 0.00011856135944470647
185 0.00010418874058393349
186 6.801248777436597e-05
187 5.076954517421848e-05
188 4.0084921862598476e-05
189 3.1758237288653383e-05
190 2.470874368732295e-05
191 2.030553354156027e-05
192 1.4551043013255758e-05
193 1.2002115856052008e-05
194 7.693167254229285e-06
195 5.284239900307648e-06
196 3.1019032877086338e-06
197 2.303252516441937e-06
198 1.2329165160315108e-06
199 6.560244336384054e-07
200 -4.583745679103596e-06
201 -5.98988254261777e-06
202 9.209027832656006e-06
203 -9.465784905612812e-06
204 -1.7698749578587316e-07
205 -4.179970702738375e-06
206 6.65537147711819e-06
207 -6.8477304726566116e-06
208 1.8284752863871257e-06
209 2.2565429998372033e-06
210 9.679628695120729e-07
211 6.327603341691059e-07
212 6.974022318381073e-08
213 1.759981491285171e-07
214 8.155702004077837e-07
215 3.910040892679467e-07
216 2.0977265924557938e-07
217 1.7012513759810785e-07
218 2.2311376135275796e-07
219 2.2915972684178085e-07
220 -1.738740220643372e-06
221 9.092568051647577e-07
222 -1.7228476166259632e-05
223 7.120247128745732e-06
224 3.3553319299511887e-06
225 5.491980675263262e-06
226 -1.5918729288369812e-06
227 1.6215813081734783e-06
228 2.733367684742628e-06
229 3.0140781229047274e-07
230 5.208826118592784e-07
231 1.4087462307816377e-06
232 4.3052287096262605e-07
233 1.2735288004978788e-06
234 4.21546769237772e-07
235 5.812974853903375e-07
236 3.4174341862146336e-07
237 4.3645898002011723e-07
238 2.5405802813205136e-07
239 1.8564177621849964e-07
240 2.9242866085078084e-05
241 -8.387449625064542e-07
242 -4.94468740209795e-06
243 1.1109179045027785e-05
244 1.2843615407495446e-05
245 5.917197204825057e-06
246 2.9615110428127327e-06
247 4.817692379871117e-06
248 2.1443353979061833e-06
249 3.114335927537688e-06
250 1.663763600265977e-06
251 2.949977339336861e-06
252 1.7038718571063755e-06
253 1.354680796848707e-06
254 7.009675862416455e-07
255 9.081557402928646e-07
256 3.090847155999825e-07
257 3.615400842458929e-07
258 2.6845666392214495e-07
259 2.7839742398405336e-07
260 1.6010051329737706e-05
261 8.816066991064212e-06
262 -7.4222680367961e-06
263 -4.497658860656326e-06
264 -4.331391933080263e-06
265 -4.152776732002499e-06
266 7.947105892329043e-07
267 5.010427434471829e-07
268 1.6814599200597743e-06
269 2.081552070225443e-06
270 2.7136091183824803e-06
271 1.7803279296343408e-06
272 2.2519564307911566e-06
273 9.113266058130586e-07
274 1.0209657447174328e-06
275 1.0393489844989712e-06
276 1.6583580837901865e-07
277 3.5081659540858286e-07
278 3.482192341354702e-07
279 3.254871653466432e-07
280 -6.586199290598217e-06
281 -1.1328029519138316e-05
282 -2.5751571787960685e-06
283 2.338881040375709e-06
284 2.777063834744553e-06
285 5.677337264571173e-06
286 4.12919505155831e-06
287 5.258164031594682e-06
288 2.678743902786676e-06
289 2.4339834768863007e-06
290 2.284040340067508e-06
291 1.812308115824042e-06
292 1.51980533475748e-06
293 1.62476664625508e-06
294 1.303987556035083e-06
295 8.074365855184659e-07
296 7.913180266216275e-07
297 4.271637163977001e-07
298 4.424738219059093e-07
299 3.3677576334364583e-07
300 -3.568246415280363e-06
301 3.829442501187011e-06
302 1.965217337339814e-06
303 -2.9496019196114417e-06
304 2.239616537109249e-06
305 2.728598181547855e-06
306 6.939908477214397e-06
307 5.729468753229764e-06
308 5.370335563238338e-06
309 4.424969546800831e-06
310 3.385438336787675e-06
311 3.273094892502215e-06
312 1.978604243778832e-06
313 2.0091404066216423e-06
314 1.5331258536990318e-06
315 1.3814452573578104e-06
316 9.226084093724112e-07
317 6.529561563620125e-07
318 6.049459723862874e-07
319 4.5512865117709336e-07
320 2.3138375225439784e-05
321 7.465178977318109e-06
322 1.3926500677965684e-05
323 3.0275063876309364e-06
324 3.810307830699906e-06
325 7.788796775761726e-06
326 4.766815609393627e-06
327 1.0634361508210157e-05
328 5.821770771450346e-06
329 6.225223593571408e-06
330 5.784594682442996e-06
331 4.52505454712592e-06
332 3.387676023217587e-06
333 2.9284294386843955e-06
334 1.7197150214671058e-06
335 1.5628017393314727e-06
336 1.141007405502327e-06
337 9.63110876007483e-07
338 8.2038570230328e-07
339 5.939649066543469e-07
340 2.548827468052991e-05
341 -2.251746359020033e-05
342 9.720014082819924e-06
343 1.0332115034075617e-05
344 1.6385252573949538e-06
345 1.4014434493071255e-05
346 9.961977720366928e-06
347 9.031551897589567e-06
348 1.0751760566210204e-05
349 9.508957773889066e-06
350 6.317678305907973e-06
351 5.134346138809965e-06
352 4.3595524502698315e-06
353 3.2850067798987473e-06
354 2.3485906253591916e-06
355 1.9608109124243823e-06
356 1.8840282726834382e-06
357 1.3289783593231734e-06
358 1.1456685825373199e-06
359 8.367039739515039e-07
360 9.715260204806972e-06
361 1.6397985373485616e-05
362 1.4743375103011466e-05
363 4.966660936541244e-06
364 1.379640718588467e-05
365 1.709346097819353e-05
366 1.6274219550451648e-05
367 1.4503583145227104e-05
368 1.3722846303330582e-05
369 1.2413161742822919e-05
370 8.097399192458924e-06
371 7.472798540147549e-06
372 5.246689228738987e-06
373 3.893203670115452e-06
374 2.9325378011219174e-06
375 2.8434516750846026e-06
376 1.97274627710649e-06
377 1.8901088656202619e-06
378 1.5418963708929347e-06
379 1.0739943884445684e-06
380 -9.364775212304528e-06
381 -3.4241271354730957e-06
382 3.084077941052564e-05
383 1.2029740550100588e-05
384 3.178338976049995e-05
385 3.7807062927805354e-05
386 2.4582111489333214e-05
387 2.882881167377726e-05
388 2.208575258204275e-05
389 1.8358290035097345e-05
390 1.4190761786895483e-05
391 1.196903678733596e-05
392 7.781837304897583e-06
393 7.271344330893888e-06
394 5.314139735921904e-06
395 4.055087772645549e-06
396 3.7538008151388165e-06
397 3.1243927355223175e-06
398 2.305226136757207e-06
399 1.854215430967229e-06
400 0.0009231882445271926
401 -0.0003377400788210716
402 0.00026454647248575
403 0.00047834602227963397
404 0.00046631044953040205
405 0.0005080090138015919
406 0.00034142609863120686
407 0.0002228139135794418
408 0.0001887170144478777
409 0.00025247858911666126
410 0.0001639928696710633
411 0.0001249994391324662
412 0.0001184068881153411
413 4.418860729480784e-05
414 4.9603579625701005e-05
415 5.7602981575906834e-05
416 1.9121262237640127e-05
417 2.504930216716659e-05
418 1.5207092354400444e-05
419 1.9802462106887536e-05
420 0.0012306361088833067
421 0.0013266851614200307
422 0.0013375245176173011
423 0.0015584562794229864
424 0.0009701218395318169
425 0.001051566284216665
426 0.0009970723862891325
427 0.0008154685161561126
428 0.0006471417739929882
429 0.0004743742296706488
430 0.00038036667694112694
431 0.00030073910861876167
432 0.00022375709947897293
433 0.00017897687527207743
434 0.00013204955068435857
435 0.00011948266200642978
436 9.109441459778363e-05
437 7.83190342209312e-05
438 6.345664677364785e-05
439 5.0909883279070934e-05
440 0.001284900281057203
441 0.002431948815765093
442 0.0029300974586367887
443 0.0021002956734574693
444 0.0020446302984462052
445 0.0016686534335290948
446 0.0016326844112250914
447 0.0012779238992515485
448 0.0010923660525604768
449 0.0008031599991016629
450 0.0006265029056223222
451 0.00039982939527626765
452 0.00033713677939354767
453 0.0002562946577509277
454 0.00020279749050852673
455 0.00016976415122977828
456 0.00014405851720049824
457 9.429791642590425e-05
458 6.986687148774411e-05
459 5.418938781724731e-05
460 0.0028239207555928124
461 0.0025934628751572235
462 0.0032213064198557224
463 0.0026933988712533807
464 0.0025725034871992548
465 0.002079381706371757
466 0.0020297476616466864
467 0.001718771071998407
468 0.001271581745483187
469 0.00096549555885793
470 0.0008186246473473663
471 0.0005457418883601015
472 0.00039224142743859584
473 0.0003096274260377517
474 0.0002475341946972882
475 0.0002185781962744541
476 0.00018307123141015846
477 0.0001277075913338316
478 0.0001077991086960067
479 6.674870189838084e-05
480 -6.498797206470795e-05
481 -0.0003925184049631752
482 0.00018578350476886003
483 2.1087992297683323e-05
484 0.00019371512498455774
485 -0.00015971714098793436
486 -4.8902956939174454e-05
487 8.51558473763065e-05
488 0.00012361840049849738
489 5.400918391952625e-05
490 7.417445748524568e-05
491 -7.5793190801000255e-06
492 -2.4938134856127803e-06
493 1.4207146918094393e-05
494 8.940288623863432e-06
495 -1.273293699470961e-06
496 1.3227887981447358e-06
497 -1.3275132232901177e-05
498 -6.331263918624424e-06
499 -4.979594751577804e-06
500 0.0006008224072498549
501 0.000559030638775401
502 0.000482653983357926
503 0.0003476728261633217
504 0.0005384634134198884
505 0.00036772189891793976
506 0.0003644268486567427
507 0.00025913193065332617
508 0.0001796011379202043
509 0.00010360094560035112
510 0.00013249354032851402
511 8.103933964453062e-05
512 8.265970198277503e-05
513 5.3737376517422916e-05
514 4.172723403403245e-05
515 3.152001830899897e-05
516 3.427188191855993e-05
517 3.441637184971402e-05
518 3.024236382412558e-05
519 1.2408595940854424e-05
520 0.0011095994855396965
521 0.0020965536729482905
522 0.0016512806676250381
523 0.0015125568106511473
524 0.0013058885079711318
525 0.0011948683605955742
526 0.0009521017951027042
527 0.0007151044525927168
528 0.0006161873948709777
529 0.0004043894674148155
530 0.0003314823222154027
531 0.00028063142005017107
532 0.00021011498828492657
533 0.00017980420834294063
534 0.00013738746131963531
535 0.0001348496848018259
536 9.001529658771067e-05
537 6.902993074428166e-05
538 5.11264627409819e-05
539 2.4959920815878655e-05
540 0.0027092741667030986
541 0.00318725732390319
542 0.002687616582597016
543 0.0022910687851964355
544 0.0022700113510246826
545 0.0019702224348068843
546 0.0015864496315751591
547 0.0011191621477806876
548 0.0008973083070280608
549 0.0006658298510216117
550 0.0004722494643507025
551 0.0003744000315287217
552 0.00032716597782521465
553 0.00027620488411591237
554 0.00023498940533429232
555 0.0002024802040038417
556 0.00015403724612670166
557 0.00011834786107739683
558 9.151282727227358e-05
559 4.860837384612367e-05
560 0.00035575117730332764
561 -0.00022605212137304342
562 0.00011872487167892474
563 0.0001368315588779125
564 -0.00012682136143101925
565 2.2543349081148323e-05
566 5.126451682790059e-05
567 -3.325275330319213e-05
568 6.36536675426373e-05
569 4.8178382535472034e-05
570 2.4429123698857167e-05
571 2.665718693390424e-05
572 -1.2505261064051863e-05
573 -2.0949751848148788e-06
574 -7.960007955610764e-06
575 1.5510898955390394e-06
576 -1.3688149804110336e-05
577 -1.54519429909287e-05
578 -6.326878549026865e-06
579 -5.579112648081145e-07
580 -0.00036497210923830344
581 0.0005652381247605601
582 0.00018682318288652135
583 0.0003342230354824458
584 4.605588362227701e-06
585 8.653201454112624e-05
586 0.00012571083041638752
587 6.429365831949537e-05
588 -2.0512517950937764e-05
589 2.5647851013944312e-05
590 2.7955569110125998e-05
591 1.3608000872952512e-05
592 -5.1347982660061586e-06
593 1.5496595742705447e-05
594 2.990782378798045e-06
595 -9.096793312029605e-07
596 8.385034140891862e-06
597 1.0994784640598461e-05
598 1.6087077322277487e-05
599 4.566692031263365e-06
600 0.0009420950746489184
601 0.0005948467676029816
602 0.0006353363881850421
603 0.0005909280687450456
604 0.0006097770326677896
605 0.000414096659914991
606 0.0003559270677471223
607 0.00035548482297102806
608 0.00025856749550207087
609 0.00018267109450325844
610 0.00013591769825704904
611 0.00011417992220797797
612 9.28142184825581e-05
613 6.951937800933783e-05
614 7.389434667923088e-05
615 6.817362899934851e-05
616 5.9255945927313964e-05
617 3.141561058825404e-05
618 1.8791456235322477e-05
619 -5.081126334699872e-06
620 0.0018123623058362416
621 0.002647223004241377
622 0.002021751483584124
623 0.0017794357722559018
624 0.0016444237606526783
625 0.0013107445111993803
626 0.0010019957463013151
627 0.0008528440910439817
628 0.0006666369529472563
629 0.0005260938559371198
630 0.0003575124262557428
631 0.0003002696702846977
632 0.0002586195426258211
633 0.00021184661809502158
634 0.0001814779704058631
635 0.00015886714721843548
636 0.00012705984127878424
637 9.009643665018217e-05
638 6.630326095042665e-05
639 2.2501764968720452e-05
640 0.00041712762854273234
641 -0.000104774993935685
642 3.187453958106765e-05
643 0.00014710803215006363
644 -2.2214801786859068e-05
645 -1.6418450723448118e-06
646 5.2450306319218554e-05
647 -7.672574290101872e-05
648 -7.329737902756559e-05
649 -1.8592479518233227e-05
650 5.242483133642832e-05
651 8.666813936742907e-07
652 -8.712742311742953e-06
653 -2.7997476238756658e-06
654 4.903898730556603e-06
655 -1.75754946164807e-05
656 -8.085431173920767e-06
657 -1.4931083263384717e-05
658 -1.0246047466005993e-05
659 -1.8120379591164487e-06
660 -0.0001094597708653698
661 -0.00027666219277988223
662 -0.00010780165919068424
663 0.00010249818565625948
664 3.305192672513604e-05
665 3.8789823346797923e-05
666 -4.149898298854643e-05
667 -1.2549766043175128e-05
668 2.6614768576534203e-06
669 3.62756086813419e-05
670 6.2686006625837654e-06
671 1.7058648187061657e-05
672 5.069604860479742e-06
673 5.821733729175768e-06
674 -8.247846354154342e-07
675 4.572578589548754e-06
676 2.5597660963965036e-06
677 8.4821738960728e-06
678 7.943799494769608e-06
679 -1.4342771372556167e-06
680 0.00017983867938652515
681 0.00017545628818236008
682 0.00022298313648069058
683 0.00032806218350795135
684 0.00022207703805708412
685 0.00039107602102093236
686 0.00015964478811075647
687 8.428555000598119e-05
688 9.627501179234235e-05
689 4.2521641248265575e-05
690 2.100523535132345e-05
691 4.862393052587153e-05
692 1.9129381442095787e-05
693 1.679954227412968e-05
694 3.235780887967832e-05
695 3.121564186921523e-05
696 1.710035534109229e-05
697 1.1143181974592499e-05
698 2.014494841043741e-06
699 -1.139713991882863e-05
700 0.001713488828183097
701 0.0022687047737115777
702 0.0022081551323320093
703 0.0016209341512404697
704 0.0013164194070040731
705 0.0010187923124760742
706 0.0008337897349036912
707 0.0006353303545700857
708 0.0004273629119065203
709 0.00039369854489277375
710 0.0002949368969618877
711 0.00024008774366910898
712 0.00023083231430439147
713 0.00017510403028934922
714 0.00015102476216885058
715 0.00011846169522783447
716 8.255302896200606e-05
717 5.828691043101042e-05
718 4.522941016002308e-05
719 1.9707485709764814e-05
720 0.000754201042096296
721 0.00031947618212029044
722 1.604265751640448e-05
723 0.00015402997205807758
724 8.751146415060167e-05
725 0.000128364495335235
726 2.4940292085926756e-05
727 -7.321197157036276e-06
728 -4.455623634104851e-05
729 6.458713913815046e-05
730 6.410161031696183e-05
731 1.3488190734871977e-05
732 3.069897156424934e-06
733 1.0863825902442782e-06
734 7.137815223505224e-06
735 -2.104629730891264e-06
736 -3.2333291592296307e-06
737 -7.3404421690178834e-06
738 -7.889446512172514e-06
739 -4.408333684837127e-06
740 -0.0001643694207123014
741 -3.4784101623345706e-06
742 -0.00019522784991620067
743 5.819268039025723e-05
744 -3.332680884225894e-05
745 0.00010126634558969787
746 2.6691728283328015e-05
747 7.599637067371782e-05
748 1.120076250819976e-05
749 1.8698456802141895e-05
750 1.1136377054110776e-05
751 2.799649588657597e-05
752 4.273605076445704e-06
753 5.93138352265681e-06
754 -7.5096715113397694e-06
755 7.944323138420455e-06
756 8.447469923526345e-06
757 1.5185367744541854e-05
758 1.597084345830089e-05
759 5.5584889544954285e-06
760 -4.891789150541263e-05
761 0.0003612544009195763
762 0.00045718154868309107
763 0.00030341232079302927
764 0.00020807890358734714
765 0.0001878559640386082
766 1.3910356155849447e-05
767 0.00010707482797309883
768 8.28166808858601e-05
769 0.00010832720160393204
770 5.858710520113348e-05
771 4.4835785009493336e-05
772 3.4983161991207734e-05
773 2.362996015433146e-05
774 3.738225784291676e-05
775 3.393369907252745e-05
776 1.2918601999603029e-05
777 3.729192319980984e-07
778 1.145388659730874e-06
779 -4.466031006696374e-06
780 0.0013641056429171273
781 0.0016682585311173365
782 0.0015792539796394278
783 0.0014281244952169567
784 0.0011765045358012693
785 0.000788823837403877
786 0.0004400893078972467
787 0.0003268509699759618
788 0.0003792358031383775
789 0.0002432404601685012
790 0.0001910582333693384
791 0.00019689399244378792
792 0.0001524466452972438
793 0.0001197348291889131
794 9.948875964972738e-05
795 7.386325299676657e-05
796 5.511021242094244e-05
797 3.374233115923127e-05
798 2.6109706209721985e-05
799 2.892972370776832e-06
800 1.6057960893854748
801 1.2833111996458606
802 1.079859409183832
803 0.9005838777629035
804 0.7341335522938022
805 0.5255581759228227
806 0.3737545544270024
807 0.28606637125077816
808 0.2092210391926256
809 0.16629365174578914
810 0.12146647335082895
811 0.09395447290337895
812 0.06863284283154698
813 0.0548482476187046
814 0.04039133381622918
815 0.028144914571013552
816 0.016542085991110764
817 0.008726372640148129
818 0.0067697346953388615
819 0.0024756415648471853
820 1.2386464220058553
821 0.951323062408346
822 0.7624223927085726
823 0.5861801106105471
824 0.44183363138190423
825 0.3357798398679936
826 0.2529735843730648
827 0.19675260594407326
828 0.16015752197616806
829 0.12233526131731534
830 0.09880851521543942
831 0.07699518548340945
832 0.060727376571949244
833 0.04646057835233194
834 0.03352397509968233
835 0.02187309040644158
836 0.012830794379363322
837 0.007586042075487592
838 0.003661212453670624
839 0.0013407043131195757
840 0.866049264846286
841 0.6695013514547167
842 0.5295813985935811
843 0.40503209695575104
844 0.3073114715592497
845 0.23876279973351805
846 0.1857551215130583
847 0.1578900457710883
848 0.12142988972524466
849 0.09933412586142892
850 0.07767057089635258
851 0.05922093623668902
852 0.04393923117110807
853 0.03057113544609008
854 0.02097507388522997
855 0.012622025079888976
856 0.006631927374377793
857 0.003113174915463708
858 0.0010780150392135505
859 0.0007248086787768863
860 0.9718595472575435
861 0.7424632731525891
862 0.5370096758280134
863 0.4119741158811147
864 0.3203919012335193
865 0.2615915928889878
866 0.21166179918654449
867 0.17471257742655938
868 0.13504860411359118
869 0.10298692107915687
870 0.07930198865134362
871 0.06067527578656965
872 0.04272546225442714
873 0.02875881425256963
874 0.01828161133551407
875 0.010586910833297766
876 0.004586451523286443
877 0.0022208486434736946
878 0.0009905479305223014
879 2.0043269753439876e-05
880 0.8041004053632678
881 0.5762709416522239
882 0.46486636450202395
883 0.35915751316776656
884 0.30293065801707325
885 0.23984608678000463
886 0.19253717876143056
887 0.15189757772752338
888 0.11699816889312316
889 0.09313301964261012
890 0.06931104571700605
891 0.050434619363475826
892 0.03560547125134566
893 0.023988180597425888
894 0.014584989691420303
895 0.008401377812422861
896 0.00385565476035473
897 0.0017422128297110736
898 0.0011533837425295762
899 -0.0006437297950897598