# z dz b(z) n(z) (in Mpc^3, no h)
0.6 0.1 1.394 8.526E-04
0.7 0.1 1.46 1.155E-03
0.8 0.1 1.528 1.245E-03
0.9 0.1 1.596 1.217E-03
1.0 0.1 1.666 1.210E-03
1.1 0.1 1.737 1.108E-03
1.2 0.1 1.809 9.963E-04
1.3 0.1 1.881 8.685E-04
1.4 0.1 1.954 7.647E-04
1.5 0.1 2.028 6.479E-04
1.6 0.1 2.102 5.471E-04
1.7 0.1 2.177 4.563E-04
1.8 0.1 2.252 3.605E-04
1.9 0.1 2.327 2.954E-04
2.0 0.1 2.403 1.561E-04
2.1 0.1 2.479 1.674E-04
2.2 0.1 2.555 1.803E-04
2.3 0.1 2.632 1.645E-04
2.4 0.1 2.708 1.384E-04
2.5 0.1 2.785 1.145E-04
2.6 0.1 2.862 9.254E-05
2.7 0.1 2.939 7.435E-05
2.8 0.1 3.016 5.860E-05
2.9 0.1 3.093 3.810E-05
3.0 0.1 3.171 3.183E-05
3.1 0.1 3.248 2.756E-05
3.2 0.1 3.325 2.497E-05
3.3 0.1 3.403 2.129E-05
3.4 0.1 3.481 1.726E-05
3.5 0.1 3.558 1.367E-05
3.6 0.1 3.636 1.108E-05
3.7 0.1 3.714 8.437E-06
3.8 0.1 3.792 6.480E-06
3.9 0.1 3.87 4.633E-06