Baseline1
<z>	b(z)	V[(Mpc/h)^3]	<n(z)> [(h/Mpc)^3]
0.72	1.19	1.181e+9	2.016e-3
1.00	1.30	2.078e+9	2.603e-3
1.34	1.44	2.588e+9	1.672e-3
1.67	1.57	2.879e+9	7.560e-4
2.01	1.70	2.583e+9	1.041e-4
2.29	1.82	2.620e+9	3.247e-5
2.57	1.93	2.614e+9	4.813e-6

Baseline2
<z>     b(z)    V[(Mpc/h)^3]    <n(z)> [(h/Mpc)^3]
0.72    1.19    1.189e+9        2.551e-3
1.00    1.30    2.078e+9        2.973e-3
1.34    1.44    2.588e+9        1.947e-3
1.65    1.56    2.457e+9        9.839e-4
1.96    1.69    2.571e+9        1.485e-4
2.25    1.80    2.617e+9        5.684e-5
2.51    1.91    2.183e+9        1.214e-5


wide
<z>     b(z)    V[(Mpc/h)^3]    <n(z)> [(h/Mpc)^3]
0.73    1.19    2.059e+9        6.760e-4
1.00    1.30    4.157e+9        8.166e-4
1.33    1.43    5.176e+9        4.411e-4
1.65    1.56    4.913e+9        1.717e-4
1.96    1.68    5.142e+9        1.143e-5
2.23    1.79    5.235e+9        2.425e-6
2.49    1.90    2.622e+9        3.397e-7


deep
<z>     b(z)    V[(Mpc/h)^3]    <n(z)> [(h/Mpc)^3]
0.72    1.19    5.148e+8        4.907e-3
1.00    1.30    1.039e+9        5.605e-3
1.34    1.44    1.294e+9        4.013e-3
1.66    1.56    1.228e+9        2.303e-4
1.97    1.69    1.286e+9        4.839e-4
2.25    1.80    1.309e+9        2.360e-4
2.52    1.91    1.091e+9        7.448e-5


