0 2.232417e-09
1 1.646593e-09
2 1.198497e-09
3 8.726713e-10
4 6.406127e-10
5 4.750375e-10
6 3.565539e-10
7 2.699799e-10
8 2.050236e-10
9 1.549499e-10
10 1.156266e-10
11 8.466610e-11
12 6.047536e-11
13 4.199038e-11
14 2.828847e-11
15 1.850049e-11
16 1.176051e-11
17 7.291140e-12
18 4.425033e-12
19 2.639497e-12
20 0.000000e+00
21 0.000000e+00
22 0.000000e+00
23 0.000000e+00
24 0.000000e+00
25 3.728403e-09
26 2.791474e-09
27 2.044775e-09
28 1.480495e-09
29 1.076603e-09
30 7.895256e-10
31 5.852576e-10
32 4.394460e-10
33 3.327733e-10
34 2.525777e-10
35 1.904791e-10
36 1.416958e-10
37 1.032790e-10
38 7.337356e-11
39 5.064016e-11
40 3.390241e-11
41 2.202494e-11
42 1.391303e-11
43 8.575605e-12
44 5.177652e-12
45 0.000000e+00
46 0.000000e+00
47 0.000000e+00
48 0.000000e+00
49 0.000000e+00
50 4.266920e-09
51 3.208265e-09
52 2.356504e-09
53 1.705339e-09
54 1.237261e-09
55 9.052479e-10
56 6.688290e-10
57 5.009153e-10
58 3.787924e-10
59 2.874393e-10
60 2.171687e-10
61 1.621266e-10
62 1.187030e-10
63 8.478130e-11
64 5.885216e-11
65 3.962724e-11
66 2.588844e-11
67 1.643254e-11
68 1.016947e-11
69 6.159432e-12
70 0.000000e+00
71 0.000000e+00
72 0.000000e+00
73 0.000000e+00
74 0.000000e+00
75 4.655905e-09
76 3.509787e-09
77 2.582856e-09
78 1.868593e-09
79 1.353550e-09
80 9.888494e-10
81 7.292841e-10
82 5.453580e-10
83 4.119842e-10
84 3.127680e-10
85 2.365835e-10
86 1.769514e-10
87 1.299137e-10
88 9.308683e-11
89 6.483781e-11
90 4.380724e-11
91 2.870550e-11
92 1.827236e-11
93 1.133383e-11
94 6.876840e-12
95 0.000000e+00
96 0.000000e+00
97 0.000000e+00
98 0.000000e+00
99 0.000000e+00
100 8.172992e-09
101 6.292633e-09
102 4.738984e-09
103 3.475419e-09
104 2.503706e-09
105 1.808886e-09
106 1.315893e-09
107 9.663958e-10
108 7.196766e-10
109 5.418449e-10
110 4.101493e-10
111 3.096496e-10
112 2.313021e-10
113 1.697090e-10
114 1.215965e-10
115 8.473192e-11
116 5.729300e-11
117 3.757595e-11
118 2.393786e-11
119 1.485490e-11
120 0.000000e+00
121 0.000000e+00
122 0.000000e+00
123 0.000000e+00
124 0.000000e+00
125 1.053214e-08
126 8.176184e-09
127 6.219622e-09
128 4.609042e-09
129 3.331188e-09
130 2.394819e-09
131 1.734216e-09
132 1.263963e-09
133 9.342907e-10
134 6.991470e-10
135 5.277433e-10
136 3.988123e-10
137 2.993456e-10
138 2.214299e-10
139 1.603715e-10
140 1.131653e-10
141 7.756172e-11
142 5.156532e-11
143 3.327273e-11
144 2.088184e-11
145 0.000000e+00
146 0.000000e+00
147 0.000000e+00
148 0.000000e+00
149 0.000000e+00
150 1.229767e-08
151 9.586845e-09
152 7.329586e-09
153 5.460495e-09
154 3.954090e-09
155 2.836623e-09
156 2.049957e-09
157 1.487923e-09
158 1.095541e-09
159 8.171335e-10
160 6.158938e-10
161 4.655848e-10
162 3.503006e-10
163 2.601813e-10
164 1.894544e-10
165 1.345232e-10
166 9.281337e-11
167 6.211284e-11
168 4.032492e-11
169 2.544685e-11
170 0.000000e+00
171 0.000000e+00
172 0.000000e+00
173 0.000000e+00
174 0.000000e+00
175 1.528288e-08
176 1.204047e-08
177 9.294777e-09
178 7.023061e-09
179 5.164933e-09
180 3.713555e-09
181 2.666544e-09
182 1.927225e-09
183 1.402936e-09
184 1.035757e-09
185 7.738289e-10
186 5.821660e-10
187 4.379682e-10
188 3.268417e-10
189 2.401838e-10
190 1.727567e-10
191 1.210875e-10
192 8.247801e-11
193 5.453964e-11
194 3.503199e-11
195 0.000000e+00
196 0.000000e+00
197 0.000000e+00
198 0.000000e+00
199 0.000000e+00
200 1.942856e-08
201 1.545506e-08
202 1.202922e-08
203 9.178156e-09
204 6.824862e-09
205 4.931890e-09
206 3.526504e-09
207 2.538365e-09
208 1.833719e-09
209 1.342674e-09
210 9.957520e-10
211 7.459157e-10
212 5.607874e-10
213 4.198379e-10
214 3.105845e-10
215 2.255342e-10
216 1.599252e-10
217 1.103545e-10
218 7.396127e-11
219 4.813638e-11
220 0.000000e+00
221 0.000000e+00
222 0.000000e+00
223 0.000000e+00
224 0.000000e+00
225 2.782268e-08
226 2.264698e-08
227 1.793338e-08
228 1.390004e-08
229 1.054631e-08
230 7.787267e-09
231 5.602023e-09
232 3.999434e-09
233 2.867448e-09
234 2.065234e-09
235 1.506472e-09
236 1.112151e-09
237 8.284299e-10
238 6.187240e-10
239 4.599455e-10
240 3.378435e-10
241 2.436947e-10
242 1.718174e-10
243 1.180312e-10
244 7.887303e-11
245 0.000000e+00
246 0.000000e+00
247 0.000000e+00
248 0.000000e+00
249 0.000000e+00
250 4.907201e-07
251 4.033511e-07
252 3.213182e-07
253 2.297364e-07
254 1.638326e-07
255 1.168648e-07
256 8.160805e-08
257 5.813635e-08
258 0.000000e+00
259 0.000000e+00
260 0.000000e+00
261 0.000000e+00
262 0.000000e+00
263 0.000000e+00
264 0.000000e+00
265 0.000000e+00
266 0.000000e+00
267 0.000000e+00
268 0.000000e+00
269 0.000000e+00
270 0.000000e+00
271 0.000000e+00
272 0.000000e+00
273 0.000000e+00
274 0.000000e+00
275 6.640939e-07
276 5.451099e-07
277 4.358193e-07
278 3.133340e-07
279 2.225787e-07
280 1.592534e-07
281 1.110116e-07
282 7.906006e-08
283 0.000000e+00
284 0.000000e+00
285 0.000000e+00
286 0.000000e+00
287 0.000000e+00
288 0.000000e+00
289 0.000000e+00
290 0.000000e+00
291 0.000000e+00
292 0.000000e+00
293 0.000000e+00
294 0.000000e+00
295 0.000000e+00
296 0.000000e+00
297 0.000000e+00
298 0.000000e+00
299 0.000000e+00
300 7.923379e-07
301 6.499603e-07
302 5.205258e-07
303 3.751969e-07
304 2.660421e-07
305 1.906200e-07
306 1.327675e-07
307 9.454137e-08
308 0.000000e+00
309 0.000000e+00
310 0.000000e+00
311 0.000000e+00
312 0.000000e+00
313 0.000000e+00
314 0.000000e+00
315 0.000000e+00
316 0.000000e+00
317 0.000000e+00
318 0.000000e+00
319 0.000000e+00
320 0.000000e+00
321 0.000000e+00
322 0.000000e+00
323 0.000000e+00
324 0.000000e+00
325 4.006921e-07
326 3.248389e-07
327 2.613563e-07
328 2.166935e-07
329 1.687959e-07
330 1.147060e-07
331 8.433910e-08
332 5.770993e-08
333 4.057771e-08
334 2.855801e-08
335 0.000000e+00
336 0.000000e+00
337 0.000000e+00
338 0.000000e+00
339 0.000000e+00
340 0.000000e+00
341 0.000000e+00
342 0.000000e+00
343 0.000000e+00
344 0.000000e+00
345 0.000000e+00
346 0.000000e+00
347 0.000000e+00
348 0.000000e+00
349 0.000000e+00
350 5.855064e-07
351 4.751700e-07
352 3.820931e-07
353 3.166070e-07
354 2.475914e-07
355 1.684479e-07
356 1.236158e-07
357 8.468816e-08
358 5.956676e-08
359 4.187244e-08
360 0.000000e+00
361 0.000000e+00
362 0.000000e+00
363 0.000000e+00
364 0.000000e+00
365 0.000000e+00
366 0.000000e+00
367 0.000000e+00
368 0.000000e+00
369 0.000000e+00
370 0.000000e+00
371 0.000000e+00
372 0.000000e+00
373 0.000000e+00
374 0.000000e+00
375 4.040893e-07
376 3.499157e-07
377 2.840872e-07
378 2.277586e-07
379 1.888257e-07
380 1.492586e-07
381 1.002298e-07
382 7.408731e-08
383 4.978512e-08
384 3.489864e-08
385 2.426025e-08
386 0.000000e+00
387 0.000000e+00
388 0.000000e+00
389 0.000000e+00
390 0.000000e+00
391 0.000000e+00
392 0.000000e+00
393 0.000000e+00
394 0.000000e+00
395 0.000000e+00
396 0.000000e+00
397 0.000000e+00
398 0.000000e+00
399 0.000000e+00
400 2.328504e-07
401 2.149947e-07
402 1.832349e-07
403 1.474728e-07
404 1.187320e-07
405 9.890951e-08
406 7.559461e-08
407 5.007867e-08
408 3.749932e-08
409 2.475133e-08
410 1.705059e-08
411 1.181856e-08
412 0.000000e+00
413 0.000000e+00
414 0.000000e+00
415 0.000000e+00
416 0.000000e+00
417 0.000000e+00
418 0.000000e+00
419 0.000000e+00
420 0.000000e+00
421 0.000000e+00
422 0.000000e+00
423 0.000000e+00
424 0.000000e+00
425 8.057427e-05
426 6.623709e-05
427 5.288501e-05
428 3.773078e-05
429 2.691706e-05
430 1.919283e-05
431 1.341923e-05
432 9.549325e-06
433 0.000000e+00
434 0.000000e+00
435 0.000000e+00
436 0.000000e+00
437 0.000000e+00
438 0.000000e+00
439 0.000000e+00
440 0.000000e+00
441 0.000000e+00
442 0.000000e+00
443 0.000000e+00
444 0.000000e+00
445 0.000000e+00
446 0.000000e+00
447 0.000000e+00
448 0.000000e+00
449 0.000000e+00
450 5.180440e-05
451 4.204251e-05
452 3.379490e-05
453 2.800924e-05
454 2.193956e-05
455 1.490101e-05
456 1.095530e-05
457 7.489731e-06
458 5.271836e-06
459 3.705839e-06
460 0.000000e+00
461 0.000000e+00
462 0.000000e+00
463 0.000000e+00
464 0.000000e+00
465 0.000000e+00
466 0.000000e+00
467 0.000000e+00
468 0.000000e+00
469 0.000000e+00
470 0.000000e+00
471 0.000000e+00
472 0.000000e+00
473 0.000000e+00
474 0.000000e+00
475 4.020369e-05
476 3.481890e-05
477 2.827098e-05
478 2.266475e-05
479 1.878929e-05
480 1.485583e-05
481 9.977713e-06
482 7.373356e-06
483 4.955810e-06
484 3.474049e-06
485 2.414769e-06
486 0.000000e+00
487 0.000000e+00
488 0.000000e+00
489 0.000000e+00
490 0.000000e+00
491 0.000000e+00
492 0.000000e+00
493 0.000000e+00
494 0.000000e+00
495 0.000000e+00
496 0.000000e+00
497 0.000000e+00
498 0.000000e+00
499 0.000000e+00
500 3.089355e-05
501 2.858626e-05
502 2.441511e-05
503 1.966834e-05
504 1.582236e-05
505 1.317556e-05
506 1.012173e-05
507 6.701343e-06
508 5.018411e-06
509 3.307156e-06
510 2.282919e-06
511 1.580434e-06
512 0.000000e+00
513 0.000000e+00
514 0.000000e+00
515 0.000000e+00
516 0.000000e+00
517 0.000000e+00
518 0.000000e+00
519 0.000000e+00
520 0.000000e+00
521 0.000000e+00
522 0.000000e+00
523 0.000000e+00
524 0.000000e+00
525 3.475691e-05
526 3.336748e-05
527 2.961962e-05
528 2.439161e-05
529 1.945854e-05
530 1.596732e-05
531 1.313179e-05
532 9.040931e-06
533 6.399766e-06
534 4.405642e-06
535 3.077888e-06
536 2.074654e-06
537 0.000000e+00
538 0.000000e+00
539 0.000000e+00
540 0.000000e+00
541 0.000000e+00
542 0.000000e+00
543 0.000000e+00
544 0.000000e+00
545 0.000000e+00
546 0.000000e+00
547 0.000000e+00
548 0.000000e+00
549 0.000000e+00
