0 2.264547e-09
1 1.674479e-09
2 1.221003e-09
3 8.891488e-10
4 6.523157e-10
5 4.832769e-10
6 3.621784e-10
7 2.738575e-10
8 2.077544e-10
9 1.569299e-10
10 1.171552e-10
11 8.588060e-11
12 6.144327e-11
13 4.276009e-11
14 2.889314e-11
15 1.895292e-11
16 1.208819e-11
17 7.517553e-12
18 4.575028e-12
19 2.735135e-12
20 0.000000e+00
21 0.000000e+00
22 0.000000e+00
23 0.000000e+00
24 0.000000e+00
25 3.733643e-09
26 2.800622e-09
27 2.056672e-09
28 1.492053e-09
29 1.084637e-09
30 7.949381e-10
31 5.887351e-10
32 4.413340e-10
33 3.336705e-10
34 2.528450e-10
35 1.905730e-10
36 1.417818e-10
37 1.034417e-10
38 7.361256e-11
39 5.091598e-11
40 3.418580e-11
41 2.227918e-11
42 1.412144e-11
43 8.731181e-12
44 5.286159e-12
45 0.000000e+00
46 0.000000e+00
47 0.000000e+00
48 0.000000e+00
49 0.000000e+00
50 4.283300e-09
51 3.228407e-09
52 2.380068e-09
53 1.728026e-09
54 1.253636e-09
55 9.161949e-10
56 6.761105e-10
57 5.051220e-10
58 3.810695e-10
59 2.886369e-10
60 2.178609e-10
61 1.626614e-10
62 1.192401e-10
63 8.535428e-11
64 5.944030e-11
65 4.018707e-11
66 2.637185e-11
67 1.682181e-11
68 1.045873e-11
69 6.360497e-12
70 0.000000e+00
71 0.000000e+00
72 0.000000e+00
73 0.000000e+00
74 0.000000e+00
75 4.594352e-09
76 3.470262e-09
77 2.563002e-09
78 1.861785e-09
79 1.349455e-09
80 9.849177e-10
81 7.256514e-10
82 5.412699e-10
83 4.079085e-10
84 3.089112e-10
85 2.333467e-10
86 1.744373e-10
87 1.281580e-10
88 9.199711e-11
89 6.426450e-11
90 4.359144e-11
91 2.869540e-11
92 1.835654e-11
93 1.144168e-11
94 6.973173e-12
95 0.000000e+00
96 0.000000e+00
97 0.000000e+00
98 0.000000e+00
99 0.000000e+00
100 4.805662e-09
101 3.634807e-09
102 2.687645e-09
103 1.952756e-09
104 1.414477e-09
105 1.031622e-09
106 7.592955e-10
107 5.658268e-10
108 4.261198e-10
109 3.226286e-10
110 2.437912e-10
111 1.824708e-10
112 1.342209e-10
113 9.649622e-11
114 6.753607e-11
115 4.590292e-11
116 3.026963e-11
117 1.939686e-11
118 1.210769e-11
119 7.387669e-12
120 0.000000e+00
121 0.000000e+00
122 0.000000e+00
123 0.000000e+00
124 0.000000e+00
125 4.966260e-09
126 3.759664e-09
127 2.782180e-09
128 2.021907e-09
129 1.464123e-09
130 1.067136e-09
131 7.848372e-10
132 5.845164e-10
133 4.400189e-10
134 3.331104e-10
135 2.518311e-10
136 1.885641e-10
137 1.388426e-10
138 9.994872e-11
139 7.003834e-11
140 4.765940e-11
141 3.146897e-11
142 2.018850e-11
143 1.261464e-11
144 7.704136e-12
145 0.000000e+00
146 0.000000e+00
147 0.000000e+00
148 0.000000e+00
149 0.000000e+00
150 5.097652e-09
151 3.861855e-09
152 2.858891e-09
153 2.078022e-09
154 1.504345e-09
155 1.096213e-09
156 8.057542e-10
157 5.997379e-10
158 4.513119e-10
159 3.417075e-10
160 2.583535e-10
161 1.935713e-10
162 1.426251e-10
163 1.027609e-10
164 7.207978e-11
165 4.909996e-11
166 3.245406e-11
167 2.083955e-11
168 1.302872e-11
169 7.961705e-12
170 0.000000e+00
171 0.000000e+00
172 0.000000e+00
173 0.000000e+00
174 0.000000e+00
175 5.204043e-09
176 3.945735e-09
177 2.922789e-09
178 2.124711e-09
179 1.537700e-09
180 1.119968e-09
181 8.229824e-10
182 6.121090e-10
183 4.606934e-10
184 3.486211e-10
185 2.636356e-10
186 1.975676e-10
187 1.456665e-10
188 1.050237e-10
189 7.371935e-11
190 5.025600e-11
191 3.324343e-11
192 2.136841e-11
193 1.337023e-11
194 8.174384e-12
195 0.000000e+00
196 0.000000e+00
197 0.000000e+00
198 0.000000e+00
199 0.000000e+00
200 5.297202e-09
201 4.016920e-09
202 2.976523e-09
203 2.164038e-09
204 1.566220e-09
205 1.140248e-09
206 8.375803e-10
207 6.229345e-10
208 4.685999e-10
209 3.546893e-10
210 2.682422e-10
211 2.011172e-10
212 1.483498e-10
213 1.070165e-10
214 7.517022e-11
215 5.127361e-11
216 3.393893e-11
217 2.181960e-11
218 1.365897e-11
219 8.354025e-12
220 0.000000e+00
221 0.000000e+00
222 0.000000e+00
223 0.000000e+00
224 0.000000e+00
225 5.417232e-09
226 4.109523e-09
227 3.047251e-09
228 2.215593e-09
229 1.602757e-09
230 1.166689e-09
231 8.565647e-10
232 6.369790e-10
233 4.789569e-10
234 3.625962e-10
235 2.742555e-10
236 2.056640e-10
237 1.517887e-10
238 1.095775e-10
239 7.702819e-11
240 5.258661e-11
241 3.483509e-11
242 2.241264e-11
243 1.403897e-11
244 8.590955e-12
245 0.000000e+00
246 0.000000e+00
247 0.000000e+00
248 0.000000e+00
249 0.000000e+00
250 7.492192e-09
251 5.751518e-09
252 4.315749e-09
253 3.157727e-09
254 2.277313e-09
255 1.647748e-09
256 1.200371e-09
257 8.842783e-10
258 6.599916e-10
259 4.975823e-10
260 3.766531e-10
261 2.840260e-10
262 2.116423e-10
263 1.547812e-10
264 1.104559e-10
265 7.664806e-11
266 5.160722e-11
267 3.371565e-11
268 2.140635e-11
269 1.324747e-11
270 0.000000e+00
271 0.000000e+00
272 0.000000e+00
273 0.000000e+00
274 0.000000e+00
275 9.432029e-09
276 7.298967e-09
277 5.529685e-09
278 4.082323e-09
279 2.950420e-09
280 2.125503e-09
281 1.541727e-09
282 1.127417e-09
283 8.355493e-10
284 6.266539e-10
285 4.732532e-10
286 3.573586e-10
287 2.676488e-10
288 1.973046e-10
289 1.422892e-10
290 9.992421e-11
291 6.814953e-11
292 4.509382e-11
293 2.897478e-11
294 1.812142e-11
295 0.000000e+00
296 0.000000e+00
297 0.000000e+00
298 0.000000e+00
299 0.000000e+00
300 1.059663e-08
301 8.230680e-09
302 6.261245e-09
303 4.643580e-09
304 3.362157e-09
305 2.418912e-09
306 1.750362e-09
307 1.275868e-09
308 9.424531e-10
309 7.048532e-10
310 5.316679e-10
311 4.015523e-10
312 3.013027e-10
313 2.228595e-10
314 1.614474e-10
315 1.139837e-10
316 7.817730e-11
317 5.203292e-11
318 3.361940e-11
319 2.113133e-11
320 0.000000e+00
321 0.000000e+00
322 0.000000e+00
323 0.000000e+00
324 0.000000e+00
325 1.139230e-08
326 8.867648e-09
327 6.762437e-09
328 5.026148e-09
329 3.643117e-09
330 2.619736e-09
331 1.893593e-09
332 1.377804e-09
333 1.015798e-09
334 7.585225e-10
335 5.716482e-10
336 4.318170e-10
337 3.243520e-10
338 2.403747e-10
339 1.745609e-10
340 1.236098e-10
341 8.505714e-11
342 5.679627e-11
343 3.680939e-11
344 2.320016e-11
345 0.000000e+00
346 0.000000e+00
347 0.000000e+00
348 0.000000e+00
349 0.000000e+00
350 1.199957e-08
351 9.353580e-09
352 7.144823e-09
353 5.318783e-09
354 3.857634e-09
355 2.771937e-09
356 2.002734e-09
357 1.455402e-09
358 1.071694e-09
359 7.994372e-10
360 6.021471e-10
361 4.548691e-10
362 3.419110e-10
363 2.536885e-10
364 1.845411e-10
365 1.309338e-10
366 9.028805e-11
367 6.041715e-11
368 3.923470e-11
369 2.477303e-11
370 0.000000e+00
371 0.000000e+00
372 0.000000e+00
373 0.000000e+00
374 0.000000e+00
375 1.249363e-08
376 9.748722e-09
377 7.455093e-09
378 5.557126e-09
379 4.032986e-09
380 2.896750e-09
381 2.091368e-09
382 1.518798e-09
383 1.117071e-09
384 8.326736e-10
385 6.268922e-10
386 4.736490e-10
387 3.562060e-10
388 2.645390e-10
389 1.926824e-10
390 1.369045e-10
391 9.455304e-11
392 6.336445e-11
393 4.120929e-11
394 2.605336e-11
395 0.000000e+00
396 0.000000e+00
397 0.000000e+00
398 0.000000e+00
399 0.000000e+00
400 1.289771e-08
401 1.007270e-08
402 7.709964e-09
403 5.751843e-09
404 4.175877e-09
405 2.998819e-09
406 2.163896e-09
407 1.570278e-09
408 1.154140e-09
409 8.598558e-10
410 6.471542e-10
411 4.889562e-10
412 3.678838e-10
413 2.734099e-10
414 1.993200e-10
415 1.417785e-10
416 9.803366e-11
417 6.577880e-11
418 4.282801e-11
419 2.710326e-11
420 0.000000e+00
421 0.000000e+00
422 0.000000e+00
423 0.000000e+00
424 0.000000e+00
425 1.324604e-08
426 1.035089e-08
427 7.929445e-09
428 5.920249e-09
429 4.299502e-09
430 3.086629e-09
431 2.226621e-09
432 1.615031e-09
433 1.186363e-09
434 8.833389e-10
435 6.646763e-10
436 5.022360e-10
437 3.779799e-10
438 2.810708e-10
439 2.050686e-10
440 1.459945e-10
441 1.010461e-10
442 6.786206e-11
443 4.421819e-11
444 2.800560e-11
445 0.000000e+00
446 0.000000e+00
447 0.000000e+00
448 0.000000e+00
449 0.000000e+00
450 1.369541e-08
451 1.071087e-08
452 8.211586e-09
453 6.136063e-09
454 4.458443e-09
455 3.199575e-09
456 2.307540e-09
457 1.672700e-09
458 1.227833e-09
459 9.135714e-10
460 6.872030e-10
461 5.193363e-10
462 3.910053e-10
463 2.909638e-10
464 2.124818e-10
465 1.514402e-10
466 1.049342e-10
467 7.055612e-11
468 4.601499e-11
469 2.917010e-11
470 0.000000e+00
471 0.000000e+00
472 0.000000e+00
473 0.000000e+00
474 0.000000e+00
475 1.277769e-08
476 9.998528e-09
477 7.670623e-09
478 5.748512e-09
479 4.193358e-09
480 3.011808e-09
481 2.171759e-09
482 1.574643e-09
483 1.153934e-09
484 8.571416e-10
485 6.432595e-10
486 4.850961e-10
487 3.647149e-10
488 2.712025e-10
489 1.980820e-10
490 1.413221e-10
491 9.811210e-11
492 6.614103e-11
493 4.328017e-11
494 2.752478e-11
495 0.000000e+00
496 0.000000e+00
497 0.000000e+00
498 0.000000e+00
499 0.000000e+00
500 1.503604e-08
501 1.183858e-08
502 9.136397e-09
503 6.897553e-09
504 5.067169e-09
505 3.643780e-09
506 2.617715e-09
507 1.892086e-09
508 1.378565e-09
509 1.018307e-09
510 7.610824e-10
511 5.726874e-10
512 4.308280e-10
513 3.214085e-10
514 2.360520e-10
515 1.696564e-10
516 1.188048e-10
517 8.084635e-11
518 5.340875e-11
519 3.427636e-11
520 0.000000e+00
521 0.000000e+00
522 0.000000e+00
523 0.000000e+00
524 0.000000e+00
525 1.663016e-08
526 1.314001e-08
527 1.017354e-08
528 7.711972e-09
529 5.687818e-09
530 4.095071e-09
531 2.937039e-09
532 2.119124e-09
533 1.539080e-09
534 1.133337e-09
535 8.448037e-10
536 6.349261e-10
537 4.776751e-10
538 3.569411e-10
539 2.629142e-10
540 1.897182e-10
541 1.334793e-10
542 9.130093e-11
543 6.063192e-11
544 3.910841e-11
545 0.000000e+00
546 0.000000e+00
547 0.000000e+00
548 0.000000e+00
549 0.000000e+00
550 1.784557e-08
551 1.413410e-08
552 1.096700e-08
553 8.335088e-09
554 6.162874e-09
555 4.440252e-09
556 3.181773e-09
557 2.292670e-09
558 1.662018e-09
559 1.221353e-09
560 9.090442e-10
561 6.824393e-10
562 5.134556e-10
563 3.840812e-10
564 2.834330e-10
565 2.050393e-10
566 1.446891e-10
567 9.928867e-11
568 6.615289e-11
569 4.280367e-11
570 0.000000e+00
571 0.000000e+00
572 0.000000e+00
573 0.000000e+00
574 0.000000e+00
575 1.883690e-08
576 1.494632e-08
577 1.161391e-08
578 8.842221e-09
579 6.550262e-09
580 4.721954e-09
581 3.380855e-09
582 2.434577e-09
583 1.762167e-09
584 1.293082e-09
585 9.611243e-10
586 7.210982e-10
587 5.426700e-10
588 4.062100e-10
589 3.001669e-10
590 2.175311e-10
591 1.538305e-10
592 1.058011e-10
593 7.065479e-11
594 4.581614e-11
595 0.000000e+00
596 0.000000e+00
597 0.000000e+00
598 0.000000e+00
599 0.000000e+00
600 1.964615e-08
601 1.561060e-08
602 1.214396e-08
603 9.256338e-09
604 6.865962e-09
605 4.952149e-09
606 3.543747e-09
607 2.550256e-09
608 1.843985e-09
609 1.351808e-09
610 1.003873e-09
611 7.528527e-10
612 5.664869e-10
613 4.242727e-10
614 3.138258e-10
615 2.277279e-10
616 1.612928e-10
617 1.111169e-10
618 7.432920e-11
619 4.827499e-11
620 0.000000e+00
621 0.000000e+00
622 0.000000e+00
623 0.000000e+00
624 0.000000e+00
625 2.034605e-08
626 1.618194e-08
627 1.259966e-08
628 9.614920e-09
629 7.138940e-09
630 5.151425e-09
631 3.684644e-09
632 2.650391e-09
633 1.915061e-09
634 1.402462e-09
635 1.040739e-09
636 7.802791e-10
637 5.871388e-10
638 4.399292e-10
639 3.256596e-10
640 2.365653e-10
641 1.677591e-10
642 1.157246e-10
643 7.751505e-11
644 5.040720e-11
645 0.000000e+00
646 0.000000e+00
647 0.000000e+00
648 0.000000e+00
649 0.000000e+00
650 2.124556e-08
651 1.691956e-08
652 1.318835e-08
653 1.007607e-08
654 7.491893e-09
655 5.407228e-09
656 3.865978e-09
657 2.779292e-09
658 2.005999e-09
659 1.467657e-09
660 1.088208e-09
661 8.154711e-10
662 6.136417e-10
663 4.600209e-10
664 3.408452e-10
665 2.479106e-10
666 1.760568e-10
667 1.216403e-10
668 8.160279e-11
669 5.314376e-11
670 0.000000e+00
671 0.000000e+00
672 0.000000e+00
673 0.000000e+00
674 0.000000e+00
675 1.841015e-08
676 1.463134e-08
677 1.137651e-08
678 8.668137e-09
679 6.438168e-09
680 4.656043e-09
681 3.332396e-09
682 2.399611e-09
683 1.736006e-09
684 1.272172e-09
685 9.439646e-10
686 7.071539e-10
687 5.313161e-10
688 3.973737e-10
689 2.935786e-10
690 2.128609e-10
691 1.507041e-10
692 1.038387e-10
693 6.950645e-11
694 4.519305e-11
695 0.000000e+00
696 0.000000e+00
697 0.000000e+00
698 0.000000e+00
699 0.000000e+00
700 2.094671e-08
701 1.675224e-08
702 1.308807e-08
703 1.002336e-08
704 7.493866e-09
705 5.445860e-09
706 3.894387e-09
707 2.796888e-09
708 2.016697e-09
709 1.470036e-09
710 1.085715e-09
711 8.106730e-10
712 6.082436e-10
713 4.552808e-10
714 3.373323e-10
715 2.457456e-10
716 1.750584e-10
717 1.214878e-10
718 8.195208e-11
719 5.370503e-11
720 0.000000e+00
721 0.000000e+00
722 0.000000e+00
723 0.000000e+00
724 0.000000e+00
725 2.291588e-08
726 1.840503e-08
727 1.442669e-08
728 1.108498e-08
729 8.319469e-09
730 6.065193e-09
731 4.337354e-09
732 3.108941e-09
733 2.237831e-09
734 1.625747e-09
735 1.197375e-09
736 8.917736e-10
737 6.684051e-10
738 5.004770e-10
739 3.714554e-10
740 2.713821e-10
741 1.940548e-10
742 1.352691e-10
743 9.168639e-11
744 6.037739e-11
745 0.000000e+00
746 0.000000e+00
747 0.000000e+00
748 0.000000e+00
749 0.000000e+00
750 2.453109e-08
751 1.975716e-08
752 1.551940e-08
753 1.195199e-08
754 8.994993e-09
755 6.572426e-09
756 4.699484e-09
757 3.364702e-09
758 2.418580e-09
759 1.753307e-09
760 1.288386e-09
761 9.580625e-10
762 7.176425e-10
763 5.374642e-10
764 3.993796e-10
765 2.923574e-10
766 2.096003e-10
767 1.465475e-10
768 9.965514e-11
769 6.584060e-11
770 0.000000e+00
771 0.000000e+00
772 0.000000e+00
773 0.000000e+00
774 0.000000e+00
775 2.584819e-08
776 2.086217e-08
777 1.641349e-08
778 1.265980e-08
779 9.546987e-09
780 6.986527e-09
781 4.995636e-09
782 3.573609e-09
783 2.566457e-09
784 1.857642e-09
785 1.362999e-09
786 1.012437e-09
787 7.578581e-10
788 5.676713e-10
789 4.221917e-10
790 3.094926e-10
791 2.223010e-10
792 1.557608e-10
793 1.061657e-10
794 7.030395e-11
795 0.000000e+00
796 0.000000e+00
797 0.000000e+00
798 0.000000e+00
799 0.000000e+00
800 2.698385e-08
801 2.181679e-08
802 1.718448e-08
803 1.327308e-08
804 1.002482e-08
805 7.345089e-09
806 5.251560e-09
807 3.754138e-09
808 2.694270e-09
809 1.947440e-09
810 1.427282e-09
811 1.059320e-09
812 7.926145e-10
813 5.937719e-10
814 4.418824e-10
815 3.242858e-10
816 2.332634e-10
817 1.637137e-10
818 1.117859e-10
819 7.415667e-11
820 0.000000e+00
821 0.000000e+00
822 0.000000e+00
823 0.000000e+00
824 0.000000e+00
825 2.844798e-08
826 2.304281e-08
827 1.817968e-08
828 1.406008e-08
829 1.063908e-08
830 7.806018e-09
831 5.581094e-09
832 3.986987e-09
833 2.858318e-09
834 2.063061e-09
835 1.510097e-09
836 1.119564e-09
837 8.372830e-10
838 6.273380e-10
839 4.671939e-10
840 3.433050e-10
841 2.473555e-10
842 1.739408e-10
843 1.190102e-10
844 7.911035e-11
845 0.000000e+00
846 0.000000e+00
847 0.000000e+00
848 0.000000e+00
849 0.000000e+00
850 2.445323e-08
851 1.973580e-08
852 1.552321e-08
853 1.196399e-08
854 9.018034e-09
855 6.608770e-09
856 4.733222e-09
857 3.385629e-09
858 2.434183e-09
859 1.761812e-09
860 1.292948e-09
861 9.599844e-10
862 7.179566e-10
863 5.371888e-10
864 3.990155e-10
865 2.921672e-10
866 2.096445e-10
867 1.467928e-10
868 1.000200e-10
869 6.623979e-11
870 0.000000e+00
871 0.000000e+00
872 0.000000e+00
873 0.000000e+00
874 0.000000e+00
875 2.729616e-08
876 2.217777e-08
877 1.752950e-08
878 1.356591e-08
879 1.027837e-08
880 7.575734e-09
881 5.439687e-09
882 3.880984e-09
883 2.784984e-09
884 2.007235e-09
885 1.466702e-09
886 1.084310e-09
887 8.088305e-10
888 6.046930e-10
889 4.496844e-10
890 3.302433e-10
891 2.380279e-10
892 1.676098e-10
893 1.149425e-10
894 7.664861e-11
895 0.000000e+00
896 0.000000e+00
897 0.000000e+00
898 0.000000e+00
899 0.000000e+00
900 2.965282e-08
901 2.419943e-08
902 1.919290e-08
903 1.489748e-08
904 1.132596e-08
905 8.380564e-09
906 6.027929e-09
907 4.295449e-09
908 3.077808e-09
909 2.212222e-09
910 1.611307e-09
911 1.187920e-09
912 8.844851e-10
913 6.608024e-10
914 4.917569e-10
915 3.618386e-10
916 2.615813e-10
917 1.848908e-10
918 1.273423e-10
919 8.530837e-11
920 0.000000e+00
921 0.000000e+00
922 0.000000e+00
923 0.000000e+00
924 0.000000e+00
925 3.157643e-08
926 2.585296e-08
927 2.055414e-08
928 1.598558e-08
929 1.218325e-08
930 9.038505e-09
931 6.509283e-09
932 4.634137e-09
933 3.317377e-09
934 2.380222e-09
935 1.729769e-09
936 1.272978e-09
937 9.463131e-10
938 7.066858e-10
939 5.261594e-10
940 3.876698e-10
941 2.808367e-10
942 1.990164e-10
943 1.374780e-10
944 9.238700e-11
945 0.000000e+00
946 0.000000e+00
947 0.000000e+00
948 0.000000e+00
949 0.000000e+00
950 3.324329e-08
951 2.728615e-08
952 2.173369e-08
953 1.693019e-08
954 1.292694e-08
955 9.609942e-09
956 6.927326e-09
957 4.928093e-09
958 3.525209e-09
959 2.525819e-09
960 1.832365e-09
961 1.346290e-09
962 9.999637e-10
963 7.464671e-10
964 5.559718e-10
965 4.100550e-10
966 2.975211e-10
967 2.112577e-10
968 1.462636e-10
969 9.852415e-11
970 0.000000e+00
971 0.000000e+00
972 0.000000e+00
973 0.000000e+00
974 0.000000e+00
975 3.538273e-08
976 2.912692e-08
977 2.325106e-08
978 1.814344e-08
979 1.388185e-08
980 1.034372e-08
981 7.464712e-09
982 5.306522e-09
983 3.792315e-09
984 2.712388e-09
985 1.964478e-09
986 1.440787e-09
987 1.068845e-09
988 7.975647e-10
989 5.942465e-10
990 4.388014e-10
991 3.189458e-10
992 2.269799e-10
993 1.575453e-10
994 1.064043e-10
995 0.000000e+00
996 0.000000e+00
997 0.000000e+00
998 0.000000e+00
999 0.000000e+00
1000 3.106088e-08
1001 2.546349e-08
1002 2.026665e-08
1003 1.576999e-08
1004 1.202208e-08
1005 8.930974e-09
1006 6.446941e-09
1007 4.591081e-09
1008 3.285576e-09
1009 2.357651e-09
1010 1.712146e-09
1011 1.258355e-09
1012 9.345085e-10
1013 6.971203e-10
1014 5.185912e-10
1015 3.819084e-10
1016 2.766288e-10
1017 1.960889e-10
1018 1.355471e-10
1019 9.119080e-11
1020 0.000000e+00
1021 0.000000e+00
1022 0.000000e+00
1023 0.000000e+00
1024 0.000000e+00
1025 3.427822e-08
1026 2.828846e-08
1027 2.263410e-08
1028 1.768378e-08
1029 1.353766e-08
1030 1.011158e-08
1031 7.331174e-09
1032 5.218998e-09
1033 3.726118e-09
1034 2.667149e-09
1035 1.927819e-09
1036 1.410951e-09
1037 1.044221e-09
1038 7.774873e-10
1039 5.782821e-10
1040 4.265407e-10
1041 3.099346e-10
1042 2.206834e-10
1043 1.533847e-10
1044 1.038225e-10
1045 0.000000e+00
1046 0.000000e+00
1047 0.000000e+00
1048 0.000000e+00
1049 0.000000e+00
1050 3.693032e-08
1051 3.062595e-08
1052 2.459208e-08
1053 1.926669e-08
1054 1.479269e-08
1055 1.108925e-08
1056 8.064546e-09
1057 5.740538e-09
1058 4.092442e-09
1059 2.924591e-09
1060 2.107215e-09
1061 1.537891e-09
1062 1.135410e-09
1063 8.440397e-10
1064 6.276612e-10
1065 4.634355e-10
1066 3.374603e-10
1067 2.410040e-10
1068 1.681245e-10
1069 1.142671e-10
1070 0.000000e+00
1071 0.000000e+00
1072 0.000000e+00
1073 0.000000e+00
1074 0.000000e+00
1075 3.922569e-08
1076 3.264744e-08
1077 2.628969e-08
1078 2.063992e-08
1079 1.588163e-08
1080 1.193761e-08
1081 8.700987e-09
1082 6.193050e-09
1083 4.410324e-09
1084 3.147831e-09
1085 2.262604e-09
1086 1.647688e-09
1087 1.214236e-09
1088 9.017407e-10
1089 6.704543e-10
1090 4.954063e-10
1091 3.613082e-10
1092 2.586101e-10
1093 1.808972e-10
1094 1.233189e-10
1095 0.000000e+00
1096 0.000000e+00
1097 0.000000e+00
1098 0.000000e+00
1099 0.000000e+00
1100 4.218514e-08
1101 3.525251e-08
1102 2.847339e-08
1103 2.240777e-08
1104 1.728208e-08
1105 1.302923e-08
1106 9.520405e-09
1107 6.776531e-09
1108 4.819025e-09
1109 3.434883e-09
1110 2.462987e-09
1111 1.789175e-09
1112 1.315830e-09
1113 9.759532e-10
1114 7.254930e-10
1115 5.365328e-10
1116 3.919845e-10
1117 2.812611e-10
1118 1.973284e-10
1119 1.349638e-10
1120 0.000000e+00
1121 0.000000e+00
1122 0.000000e+00
1123 0.000000e+00
1124 0.000000e+00
1125 3.841941e-08
1126 3.199789e-08
1127 2.578932e-08
1128 2.025827e-08
1129 1.558737e-08
1130 1.172060e-08
1131 8.557261e-09
1132 6.101132e-09
1133 4.341929e-09
1134 3.101257e-09
1135 2.228109e-09
1136 1.621682e-09
1137 1.193984e-09
1138 8.858223e-10
1139 6.579918e-10
1140 4.858166e-10
1141 3.541141e-10
1142 2.533967e-10
1143 1.772607e-10
1144 1.208916e-10
1145 0.000000e+00
1146 0.000000e+00
1147 0.000000e+00
1148 0.000000e+00
1149 0.000000e+00
1150 4.192494e-08
1151 3.515070e-08
1152 2.848692e-08
1153 2.246754e-08
1154 1.735083e-08
1155 1.310604e-08
1156 9.617036e-09
1157 6.869527e-09
1158 4.878834e-09
1159 3.479352e-09
1160 2.489859e-09
1161 1.804984e-09
1162 1.323730e-09
1163 9.792491e-10
1164 7.264646e-10
1165 5.365733e-10
1166 3.918734e-10
1167 2.813369e-10
1168 1.976679e-10
1169 1.355082e-10
1170 0.000000e+00
1171 0.000000e+00
1172 0.000000e+00
1173 0.000000e+00
1174 0.000000e+00
1175 4.497086e-08
1176 3.789999e-08
1177 3.084071e-08
1178 2.439885e-08
1179 1.889247e-08
1180 1.431751e-08
1181 1.054400e-08
1182 7.542591e-09
1183 5.349593e-09
1184 3.810643e-09
1185 2.719042e-09
1186 1.965456e-09
1187 1.437182e-09
1188 1.060956e-09
1189 7.862826e-10
1190 5.808788e-10
1191 4.248131e-10
1192 3.057051e-10
1193 2.154675e-10
1194 1.482610e-10
1195 0.000000e+00
1196 0.000000e+00
1197 0.000000e+00
1198 0.000000e+00
1199 0.000000e+00
1200 4.891065e-08
1201 4.144103e-08
1202 3.387840e-08
1203 2.689031e-08
1204 2.088066e-08
1205 1.588053e-08
1206 1.174088e-08
1207 8.412739e-09
1208 5.957400e-09
1209 4.237916e-09
1210 3.015488e-09
1211 2.172542e-09
1212 1.583607e-09
1213 1.166371e-09
1214 8.634113e-10
1215 6.380057e-10
1216 4.672793e-10
1217 3.371235e-10
1218 2.384163e-10
1219 1.647044e-10
1220 0.000000e+00
1221 0.000000e+00
1222 0.000000e+00
1223 0.000000e+00
1224 0.000000e+00
1225 4.631742e-08
1226 3.917146e-08
1227 3.198247e-08
1228 2.536690e-08
1229 1.967807e-08
1230 1.494365e-08
1231 1.104002e-08
1232 7.919568e-09
1233 5.613747e-09
1234 3.995428e-09
1235 2.847367e-09
1236 2.053124e-09
1237 1.497441e-09
1238 1.103034e-09
1239 8.162084e-10
1240 6.025625e-10
1241 4.407481e-10
1242 3.174948e-10
1243 2.241706e-10
1244 1.546215e-10
1245 0.000000e+00
1246 0.000000e+00
1247 0.000000e+00
1248 0.000000e+00
1249 0.000000e+00
1250 5.021667e-08
1251 4.276157e-08
1252 3.511589e-08
1253 2.797622e-08
1254 2.177740e-08
1255 1.660292e-08
1256 1.232589e-08
1257 8.874270e-09
1258 6.285245e-09
1259 4.465355e-09
1260 3.173944e-09
1261 2.279182e-09
1262 1.655334e-09
1263 1.215127e-09
1264 8.971738e-10
1265 6.618966e-10
1266 4.845844e-10
1267 3.498776e-10
1268 2.478999e-10
1269 1.717469e-10
1270 0.000000e+00
1271 0.000000e+00
1272 0.000000e+00
1273 0.000000e+00
1274 0.000000e+00
1275 5.527608e-08
1276 4.740622e-08
1277 3.918145e-08
1278 3.136102e-08
1279 2.450460e-08
1280 1.876027e-08
1281 1.400014e-08
1282 1.011842e-08
1283 7.160296e-09
1284 5.077381e-09
1285 3.599606e-09
1286 2.573538e-09
1287 1.860978e-09
1288 1.361007e-09
1289 1.002442e-09
1290 7.389867e-10
1291 5.414987e-10
1292 3.919073e-10
1293 2.786922e-10
1294 1.939720e-10
1295 0.000000e+00
1296 0.000000e+00
1297 0.000000e+00
1298 0.000000e+00
1299 0.000000e+00
1300 5.504326e-08
1301 4.726367e-08
1302 3.912000e-08
1303 3.135771e-08
1304 2.452174e-08
1305 1.878164e-08
1306 1.402976e-08
1307 1.016086e-08
1308 7.199905e-09
1309 5.101786e-09
1310 3.618595e-09
1311 2.583949e-09
1312 1.866690e-09
1313 1.363562e-09
1314 1.003019e-09
1315 7.386513e-10
1316 5.408717e-10
1317 3.913160e-10
1318 2.782808e-10
1319 1.937673e-10
1320 0.000000e+00
1321 0.000000e+00
1322 0.000000e+00
1323 0.000000e+00
1324 0.000000e+00
1325 6.141621e-08
1326 5.323722e-08
1327 4.444066e-08
1328 3.587223e-08
1329 2.819708e-08
1330 2.170397e-08
1331 1.631839e-08
1332 1.189523e-08
1333 8.440122e-09
1334 5.963709e-09
1335 4.221222e-09
1336 2.996734e-09
1337 2.152680e-09
1338 1.563446e-09
1339 1.145128e-09
1340 8.413445e-10
1341 6.159645e-10
1342 4.464783e-10
1343 3.186742e-10
1344 2.230400e-10
1345 0.000000e+00
1346 0.000000e+00
1347 0.000000e+00
1348 0.000000e+00
1349 0.000000e+00
1350 7.000628e-08
1351 6.149184e-08
1352 5.198988e-08
1353 4.242255e-08
1354 3.362214e-08
1355 2.605430e-08
1356 1.975017e-08
1357 1.454690e-08
1358 1.038850e-08
1359 7.319530e-09
1360 5.168330e-09
1361 3.645060e-09
1362 2.596857e-09
1363 1.868953e-09
1364 1.358210e-09
1365 9.923648e-10
1366 7.245677e-10
1367 5.253606e-10
1368 3.761331e-10
1369 2.647082e-10
1370 0.000000e+00
1371 0.000000e+00
1372 0.000000e+00
1373 0.000000e+00
1374 0.000000e+00
