0 1.023061e-09
1 7.528559e-10
2 5.508620e-10
3 4.046751e-10
4 2.998215e-10
5 2.242481e-10
6 1.690839e-10
7 1.279456e-10
8 9.652803e-11
9 7.210370e-11
10 5.298893e-11
11 3.810597e-11
12 2.670881e-11
13 1.820580e-11
14 1.206022e-11
15 7.770292e-12
16 4.879833e-12
17 2.996448e-12
18 1.805181e-12
19 1.071054e-12
20 0.000000e+00
21 0.000000e+00
22 0.000000e+00
23 0.000000e+00
24 0.000000e+00
25 2.304285e-09
26 1.717020e-09
27 1.257982e-09
28 9.154252e-10
29 6.689882e-10
30 4.933157e-10
31 3.675092e-10
32 2.765127e-10
33 2.091336e-10
34 1.579621e-10
35 1.182694e-10
36 8.717130e-11
37 6.288210e-11
38 4.420763e-11
39 3.021390e-11
40 2.005165e-11
41 1.293321e-11
42 8.125236e-12
43 4.987847e-12
44 3.002892e-12
45 0.000000e+00
46 0.000000e+00
47 0.000000e+00
48 0.000000e+00
49 0.000000e+00
50 2.619998e-09
51 1.960454e-09
52 1.440722e-09
53 1.048354e-09
54 7.642952e-10
55 5.618727e-10
56 4.171906e-10
57 3.130130e-10
58 2.363998e-10
59 1.786230e-10
60 1.340303e-10
61 9.916589e-11
62 7.191528e-11
63 5.088677e-11
64 3.501460e-11
65 2.340034e-11
66 1.519518e-11
67 9.606575e-12
68 5.928902e-12
69 3.585071e-12
70 0.000000e+00
71 0.000000e+00
72 0.000000e+00
73 0.000000e+00
74 0.000000e+00
75 2.809583e-09
76 2.106874e-09
77 1.550574e-09
78 1.128352e-09
79 8.216916e-10
80 6.031757e-10
81 4.470720e-10
82 3.349931e-10
83 2.528140e-10
84 1.910453e-10
85 1.435134e-10
86 1.063802e-10
87 7.734736e-11
88 5.488894e-11
89 3.789439e-11
90 2.541561e-11
91 1.656011e-11
92 1.050012e-11
93 6.497239e-12
94 3.937143e-12
95 0.000000e+00
96 0.000000e+00
97 0.000000e+00
98 0.000000e+00
99 0.000000e+00
100 2.937604e-09
101 2.205715e-09
102 1.624813e-09
103 1.182428e-09
104 8.604938e-10
105 6.310649e-10
106 4.673006e-10
107 3.498152e-10
108 2.638926e-10
109 1.994278e-10
110 1.498829e-10
111 1.112466e-10
112 8.100510e-11
113 5.759538e-11
114 3.984426e-11
115 2.677638e-11
116 1.748107e-11
117 1.110364e-11
118 6.881144e-12
119 4.175065e-12
120 0.000000e+00
121 0.000000e+00
122 0.000000e+00
123 0.000000e+00
124 0.000000e+00
125 3.024660e-09
126 2.273051e-09
127 1.675297e-09
128 1.219220e-09
129 8.868016e-10
130 6.500573e-10
131 4.810376e-10
132 3.599152e-10
133 2.714162e-10
134 2.051279e-10
135 1.542442e-10
136 1.145603e-10
137 8.349298e-11
138 5.943080e-11
139 4.116768e-11
140 2.770251e-11
141 1.810778e-11
142 1.151491e-11
143 7.142824e-12
144 4.336878e-12
145 0.000000e+00
146 0.000000e+00
147 0.000000e+00
148 0.000000e+00
149 0.000000e+00
150 3.098721e-09
151 2.330099e-09
152 1.718184e-09
153 1.250404e-09
154 9.092810e-10
155 6.662279e-10
156 4.927950e-10
157 3.685364e-10
158 2.778414e-10
159 2.100167e-10
160 1.579480e-10
161 1.173945e-10
162 8.564471e-11
163 6.101468e-11
164 4.230229e-11
165 2.848765e-11
166 1.864194e-11
167 1.186333e-11
168 7.364262e-12
169 4.474264e-12
170 0.000000e+00
171 0.000000e+00
172 0.000000e+00
173 0.000000e+00
174 0.000000e+00
175 3.159360e-09
176 2.376884e-09
177 1.753662e-09
178 1.276348e-09
179 9.277680e-10
180 6.795432e-10
181 5.023962e-10
182 3.755551e-10
183 2.830882e-10
184 2.139661e-10
185 1.609935e-10
186 1.196972e-10
187 8.737016e-11
188 6.228707e-11
189 4.322075e-11
190 2.913580e-11
191 1.907733e-11
192 1.214960e-11
193 7.546662e-12
194 4.589048e-12
195 0.000000e+00
196 0.000000e+00
197 0.000000e+00
198 0.000000e+00
199 0.000000e+00
200 3.212689e-09
201 2.417602e-09
202 1.783865e-09
203 1.298333e-09
204 9.436053e-10
205 6.908874e-10
206 5.106739e-10
207 3.816508e-10
208 2.876541e-10
209 2.174141e-10
210 1.636574e-10
211 1.216904e-10
212 8.886427e-11
213 6.341727e-11
214 4.403474e-11
215 2.970611e-11
216 1.946382e-11
217 1.240060e-11
218 7.704434e-12
219 4.685019e-12
220 0.000000e+00
221 0.000000e+00
222 0.000000e+00
223 0.000000e+00
224 0.000000e+00
225 3.276711e-09
226 2.468001e-09
227 1.821517e-09
228 1.325917e-09
229 9.633271e-10
230 7.051337e-10
231 5.209435e-10
232 3.892517e-10
233 2.932520e-10
234 2.216708e-10
235 1.668607e-10
236 1.241700e-10
237 9.075524e-11
238 6.478873e-11
239 4.501959e-11
240 3.038696e-11
241 1.993139e-11
242 1.270998e-11
243 7.900111e-12
244 4.805750e-12
245 0.000000e+00
246 0.000000e+00
247 0.000000e+00
248 0.000000e+00
249 0.000000e+00
250 6.961668e-09
251 5.329947e-09
252 3.986421e-09
253 2.908983e-09
254 2.097864e-09
255 1.520201e-09
256 1.109186e-09
257 8.188729e-10
258 6.126825e-10
259 4.626223e-10
260 3.503275e-10
261 2.639790e-10
262 1.963559e-10
263 1.431864e-10
264 1.018306e-10
265 7.037106e-11
266 4.718020e-11
267 3.069185e-11
268 1.941004e-11
269 1.197115e-11
270 0.000000e+00
271 0.000000e+00
272 0.000000e+00
273 0.000000e+00
274 0.000000e+00
275 8.785817e-09
276 6.781490e-09
277 5.122352e-09
278 3.769295e-09
279 2.720422e-09
280 1.962594e-09
281 1.425175e-09
282 1.044354e-09
283 7.760922e-10
284 5.831167e-10
285 4.408809e-10
286 3.328702e-10
287 2.489739e-10
288 1.831057e-10
289 1.316164e-10
290 9.207653e-11
291 6.253093e-11
292 4.120008e-11
293 2.636394e-11
294 1.642789e-11
295 0.000000e+00
296 0.000000e+00
297 0.000000e+00
298 0.000000e+00
299 0.000000e+00
300 9.951213e-09
301 7.711710e-09
302 5.851134e-09
303 4.324488e-09
304 3.125113e-09
305 2.250327e-09
306 1.630908e-09
307 1.190898e-09
308 8.818245e-10
309 6.608522e-10
310 4.990755e-10
311 3.770148e-10
312 2.826070e-10
313 2.086287e-10
314 1.507106e-10
315 1.060345e-10
316 7.245466e-11
317 4.803005e-11
318 3.091260e-11
319 1.936028e-11
320 0.000000e+00
321 0.000000e+00
322 0.000000e+00
323 0.000000e+00
324 0.000000e+00
325 1.074086e-08
326 8.341760e-09
327 6.345251e-09
328 4.701111e-09
329 3.400106e-09
330 2.446421e-09
331 1.770543e-09
332 1.290684e-09
333 9.537577e-10
334 7.136631e-10
335 5.385716e-10
336 4.070202e-10
337 3.054751e-10
338 2.259780e-10
339 1.636798e-10
340 1.155254e-10
341 7.919954e-11
342 5.267767e-11
343 3.400819e-11
344 2.135808e-11
345 0.000000e+00
346 0.000000e+00
347 0.000000e+00
348 0.000000e+00
349 0.000000e+00
350 1.128039e-08
351 8.772148e-09
352 6.682808e-09
353 4.958586e-09
354 3.588045e-09
355 2.579994e-09
356 1.865697e-09
357 1.358396e-09
358 1.002742e-09
359 7.497072e-10
360 5.655098e-10
361 4.274559e-10
362 3.210784e-10
363 2.378008e-10
364 1.725286e-10
365 1.219765e-10
366 8.379059e-11
367 5.583633e-11
368 3.611315e-11
369 2.271619e-11
370 0.000000e+00
371 0.000000e+00
372 0.000000e+00
373 0.000000e+00
374 0.000000e+00
375 1.174007e-08
376 9.138944e-09
377 6.970189e-09
378 5.177703e-09
379 3.748087e-09
380 2.693853e-09
381 1.947250e-09
382 1.416567e-09
383 1.044557e-09
384 7.803945e-10
385 5.884546e-10
386 4.448418e-10
387 3.343291e-10
388 2.478777e-10
389 1.800543e-10
390 1.274963e-10
391 8.771475e-11
392 5.854171e-11
393 3.791784e-11
394 2.388044e-11
395 0.000000e+00
396 0.000000e+00
397 0.000000e+00
398 0.000000e+00
399 0.000000e+00
400 1.211537e-08
401 9.439222e-09
402 7.205869e-09
403 5.356859e-09
404 3.878643e-09
405 2.787151e-09
406 2.013581e-09
407 1.463807e-09
408 1.078634e-09
409 8.054383e-10
410 6.072330e-10
411 4.590342e-10
412 3.451498e-10
413 2.560760e-10
414 1.861938e-10
415 1.319894e-10
416 9.090802e-11
417 6.074747e-11
418 3.938525e-11
419 2.482795e-11
420 0.000000e+00
421 0.000000e+00
422 0.000000e+00
423 0.000000e+00
424 0.000000e+00
425 1.243964e-08
426 9.697234e-09
427 7.407913e-09
428 5.511244e-09
429 3.991502e-09
430 2.867262e-09
431 2.070732e-09
432 1.504628e-09
433 1.108086e-09
434 8.270050e-10
435 6.232892e-10
436 4.712275e-10
437 3.544897e-10
438 2.631694e-10
439 1.914989e-10
440 1.358694e-10
441 9.365327e-11
442 6.264974e-11
443 4.065228e-11
444 2.564514e-11
445 0.000000e+00
446 0.000000e+00
447 0.000000e+00
448 0.000000e+00
449 0.000000e+00
450 1.284206e-08
451 1.001920e-08
452 7.660567e-09
453 5.703570e-09
454 4.132216e-09
455 2.967019e-09
456 2.142536e-09
457 1.555740e-09
458 1.144990e-09
459 8.540012e-10
460 6.435613e-10
461 4.865716e-10
462 3.661442e-10
463 2.720068e-10
464 1.981096e-10
465 1.407057e-10
466 9.710648e-11
467 6.501015e-11
468 4.222633e-11
469 2.666086e-11
470 0.000000e+00
471 0.000000e+00
472 0.000000e+00
473 0.000000e+00
474 0.000000e+00
475 1.196313e-08
476 9.337998e-09
477 7.145116e-09
478 5.337821e-09
479 3.884301e-09
480 2.790274e-09
481 2.014595e-09
482 1.462883e-09
483 1.074848e-09
484 8.000401e-10
485 6.013854e-10
486 4.537856e-10
487 3.410013e-10
488 2.531713e-10
489 1.844461e-10
490 1.311734e-10
491 9.072784e-11
492 6.092214e-11
493 3.970737e-11
494 2.515930e-11
495 0.000000e+00
496 0.000000e+00
497 0.000000e+00
498 0.000000e+00
499 0.000000e+00
500 1.425809e-08
501 1.120216e-08
502 8.626365e-09
503 6.496128e-09
504 4.760004e-09
505 3.420490e-09
506 2.460732e-09
507 1.780186e-09
508 1.299653e-09
509 9.619130e-10
510 7.200951e-10
511 5.423048e-10
512 4.079485e-10
513 3.040367e-10
514 2.228993e-10
515 1.598063e-10
516 1.115811e-10
517 7.568371e-11
518 4.983298e-11
519 3.187876e-11
520 0.000000e+00
521 0.000000e+00
522 0.000000e+00
523 0.000000e+00
524 0.000000e+00
525 1.586471e-08
526 1.251155e-08
527 9.670005e-09
528 7.313693e-09
529 5.380415e-09
530 3.869774e-09
531 2.778006e-09
532 2.005854e-09
533 1.459555e-09
534 1.076729e-09
535 8.039347e-10
536 6.048261e-10
537 4.551163e-10
538 3.398456e-10
539 2.499523e-10
540 1.799790e-10
541 1.262941e-10
542 8.613087e-11
543 5.702171e-11
544 3.666850e-11
545 0.000000e+00
546 0.000000e+00
547 0.000000e+00
548 0.000000e+00
549 0.000000e+00
550 1.696342e-08
551 1.340881e-08
552 1.038293e-08
553 7.871706e-09
554 5.804485e-09
555 4.176737e-09
556 2.995726e-09
557 2.160464e-09
558 1.569074e-09
559 1.155461e-09
560 8.616010e-10
561 6.475333e-10
562 4.873617e-10
563 3.643090e-10
564 2.684408e-10
565 1.937601e-10
566 1.363506e-10
567 9.327188e-11
568 6.193811e-11
569 3.994547e-11
570 0.000000e+00
571 0.000000e+00
572 0.000000e+00
573 0.000000e+00
574 0.000000e+00
575 1.790395e-08
576 1.417431e-08
577 1.099314e-08
578 8.350000e-09
579 6.166736e-09
580 4.438911e-09
581 3.181363e-09
582 2.292782e-09
583 1.662519e-09
584 1.222590e-09
585 9.104758e-10
586 6.840412e-10
587 5.149262e-10
588 3.852114e-10
589 2.842380e-10
590 2.055347e-10
591 1.449442e-10
592 9.937157e-11
593 6.613848e-11
594 4.274488e-11
595 0.000000e+00
596 0.000000e+00
597 0.000000e+00
598 0.000000e+00
599 0.000000e+00
600 1.867105e-08
601 1.479991e-08
602 1.149144e-08
603 8.738664e-09
604 6.462299e-09
605 4.653238e-09
606 3.332749e-09
607 2.400531e-09
608 1.738882e-09
609 1.277410e-09
610 9.504981e-10
611 7.138047e-10
612 5.373481e-10
613 4.022419e-10
614 2.971088e-10
615 2.151260e-10
616 1.519406e-10
617 1.043461e-10
618 6.956388e-11
619 4.502749e-11
620 0.000000e+00
621 0.000000e+00
622 0.000000e+00
623 0.000000e+00
624 0.000000e+00
625 1.933013e-08
626 1.533583e-08
627 1.191843e-08
628 9.073744e-09
629 6.715672e-09
630 4.836915e-09
631 3.463521e-09
632 2.493259e-09
633 1.804818e-09
634 1.324539e-09
635 9.849233e-10
636 7.394681e-10
637 5.567090e-10
638 4.169313e-10
639 3.082045e-10
640 2.233987e-10
641 1.579797e-10
642 1.086283e-10
643 7.251254e-11
644 4.699278e-11
645 0.000000e+00
646 0.000000e+00
647 0.000000e+00
648 0.000000e+00
649 0.000000e+00
650 2.015742e-08
651 1.601110e-08
652 1.245623e-08
653 9.494276e-09
654 7.035994e-09
655 5.068662e-09
656 3.627242e-09
657 2.609884e-09
658 1.887158e-09
659 1.383861e-09
660 1.028208e-09
661 7.716465e-10
662 5.809977e-10
663 4.353599e-10
664 3.221291e-10
665 2.337860e-10
666 1.655582e-10
667 1.140144e-10
668 7.622047e-11
669 4.946580e-11
670 0.000000e+00
671 0.000000e+00
672 0.000000e+00
673 0.000000e+00
674 0.000000e+00
675 1.779309e-08
676 1.411843e-08
677 1.096419e-08
678 8.341095e-09
679 6.185519e-09
680 4.467965e-09
681 3.199805e-09
682 2.305540e-09
683 1.669490e-09
684 1.225144e-09
685 9.101606e-10
686 6.823379e-10
687 5.128671e-10
688 3.834635e-10
689 2.830583e-10
690 2.049539e-10
691 1.448582e-10
692 9.961053e-11
693 6.653652e-11
694 4.317009e-11
695 0.000000e+00
696 0.000000e+00
697 0.000000e+00
698 0.000000e+00
699 0.000000e+00
700 2.046610e-08
701 1.634766e-08
702 1.276030e-08
703 9.762994e-09
704 7.289848e-09
705 5.291850e-09
706 3.784712e-09
707 2.719388e-09
708 1.961947e-09
709 1.431599e-09
710 1.058319e-09
711 7.907692e-10
712 5.935433e-10
713 4.442442e-10
714 3.289966e-10
715 2.394685e-10
716 1.703917e-10
717 1.180881e-10
718 7.953967e-11
719 5.204417e-11
720 0.000000e+00
721 0.000000e+00
722 0.000000e+00
723 0.000000e+00
724 0.000000e+00
725 2.232799e-08
726 1.790436e-08
727 1.401932e-08
728 1.076095e-08
729 8.064796e-09
730 5.871327e-09
731 4.198180e-09
732 3.011154e-09
733 2.168614e-09
734 1.577379e-09
735 1.162952e-09
736 8.669010e-10
737 6.501117e-10
738 4.867836e-10
739 3.611272e-10
740 2.635991e-10
741 1.882571e-10
742 1.310296e-10
743 8.866499e-11
744 5.828585e-11
745 0.000000e+00
746 0.000000e+00
747 0.000000e+00
748 0.000000e+00
749 0.000000e+00
750 2.392194e-08
751 1.923947e-08
752 1.509527e-08
753 1.161380e-08
754 8.728346e-09
755 6.368337e-09
756 4.552693e-09
757 3.261730e-09
758 2.345585e-09
759 1.702235e-09
760 1.252407e-09
761 9.320651e-10
762 6.985647e-10
763 5.232228e-10
764 3.886465e-10
765 2.842665e-10
766 2.035598e-10
767 1.421170e-10
768 9.648448e-11
769 6.363630e-11
770 0.000000e+00
771 0.000000e+00
772 0.000000e+00
773 0.000000e+00
774 0.000000e+00
775 2.522129e-08
776 2.032542e-08
777 1.597456e-08
778 1.230891e-08
779 9.269649e-09
780 6.773625e-09
781 4.841818e-09
782 3.465917e-09
783 2.489979e-09
784 1.804434e-09
785 1.325345e-09
786 9.854616e-10
787 7.381105e-10
788 5.529604e-10
789 4.111039e-10
790 3.011293e-10
791 2.160462e-10
792 1.511616e-10
793 1.028642e-10
794 6.800076e-11
795 0.000000e+00
796 0.000000e+00
797 0.000000e+00
798 0.000000e+00
799 0.000000e+00
800 2.633715e-08
801 2.126121e-08
802 1.672928e-08
803 1.290856e-08
804 9.735992e-09
805 7.122567e-09
806 5.090610e-09
807 3.641432e-09
808 2.614284e-09
809 1.891899e-09
810 1.388136e-09
811 1.031257e-09
812 7.721094e-10
813 5.785191e-10
814 4.303989e-10
815 3.156212e-10
816 2.267739e-10
817 1.589331e-10
818 1.083453e-10
819 7.175035e-11
820 0.000000e+00
821 0.000000e+00
822 0.000000e+00
823 0.000000e+00
824 0.000000e+00
825 2.774970e-08
826 2.243431e-08
827 1.767906e-08
828 1.366112e-08
829 1.032193e-08
830 7.560782e-09
831 5.403574e-09
832 3.862743e-09
833 2.770208e-09
834 2.001893e-09
835 1.466986e-09
836 1.088742e-09
837 8.148008e-10
838 6.106286e-10
839 4.546244e-10
840 3.338193e-10
841 2.402469e-10
842 1.687080e-10
843 1.152314e-10
844 7.646302e-11
845 0.000000e+00
846 0.000000e+00
847 0.000000e+00
848 0.000000e+00
849 0.000000e+00
850 2.425860e-08
851 1.957244e-08
852 1.538753e-08
853 1.185575e-08
854 8.932811e-09
855 6.543634e-09
856 4.686075e-09
857 3.352420e-09
858 2.410711e-09
859 1.745419e-09
860 1.281328e-09
861 9.516251e-10
862 7.118389e-10
863 5.326274e-10
864 3.955861e-10
865 2.895862e-10
866 2.077208e-10
867 1.453835e-10
868 9.901162e-11
869 6.553864e-11
870 0.000000e+00
871 0.000000e+00
872 0.000000e+00
873 0.000000e+00
874 0.000000e+00
875 2.703068e-08
876 2.194904e-08
877 1.734090e-08
878 1.341514e-08
879 1.015950e-08
880 7.483868e-09
881 5.371781e-09
882 3.833902e-09
883 2.751604e-09
884 1.983854e-09
885 1.450206e-09
886 1.072531e-09
887 8.002521e-10
888 5.983323e-10
889 4.449207e-10
890 3.266619e-10
891 2.353573e-10
892 1.656460e-10
893 1.135314e-10
894 7.566044e-11
895 0.000000e+00
896 0.000000e+00
897 0.000000e+00
898 0.000000e+00
899 0.000000e+00
900 2.943954e-08
901 2.401408e-08
902 1.903911e-08
903 1.477406e-08
904 1.122840e-08
905 8.304842e-09
906 5.971906e-09
907 4.256218e-09
908 3.050023e-09
909 2.192855e-09
910 1.597695e-09
911 1.178312e-09
912 8.774670e-10
913 6.556288e-10
914 4.878903e-10
915 3.589349e-10
916 2.594121e-10
917 1.832913e-10
918 1.261873e-10
919 8.449546e-11
920 0.000000e+00
921 0.000000e+00
922 0.000000e+00
923 0.000000e+00
924 0.000000e+00
925 3.140240e-08
926 2.570033e-08
927 2.042670e-08
928 1.588289e-08
929 1.210175e-08
930 8.975037e-09
931 6.461916e-09
932 4.600891e-09
933 3.293852e-09
934 2.363639e-09
935 1.718309e-09
936 1.264820e-09
937 9.404693e-10
938 7.023903e-10
939 5.229583e-10
940 3.852676e-10
941 2.790392e-10
942 1.976865e-10
943 1.365130e-10
944 9.170382e-11
945 0.000000e+00
946 0.000000e+00
947 0.000000e+00
948 0.000000e+00
949 0.000000e+00
950 3.309604e-08
951 2.715550e-08
952 2.162379e-08
953 1.684113e-08
954 1.285591e-08
955 9.554287e-09
956 6.884650e-09
957 4.898618e-09
958 3.504070e-09
959 2.511264e-09
960 1.822161e-09
961 1.339121e-09
962 9.948677e-10
963 7.427441e-10
964 5.532069e-10
965 4.079831e-10
966 2.959672e-10
967 2.101036e-10
968 1.454211e-10
969 9.792339e-11
970 0.000000e+00
971 0.000000e+00
972 0.000000e+00
973 0.000000e+00
974 0.000000e+00
975 3.521595e-08
976 2.897919e-08
977 2.312743e-08
978 1.804304e-08
979 1.380185e-08
980 1.028002e-08
981 7.416605e-09
982 5.272591e-09
983 3.768397e-09
984 2.695704e-09
985 1.952891e-09
986 1.432666e-09
987 1.063051e-09
988 7.933477e-10
989 5.911175e-10
990 4.364594e-10
991 3.171908e-10
992 2.256754e-10
993 1.565915e-10
994 1.057228e-10
995 0.000000e+00
996 0.000000e+00
997 0.000000e+00
998 0.000000e+00
999 0.000000e+00
1000 3.067643e-08
1001 2.512716e-08
1002 1.998576e-08
1003 1.554237e-08
1004 1.184177e-08
1005 8.790312e-09
1006 6.341647e-09
1007 4.516635e-09
1008 3.233307e-09
1009 2.320961e-09
1010 1.686494e-09
1011 1.240160e-09
1012 9.214523e-10
1013 6.875484e-10
1014 5.114797e-10
1015 3.765797e-10
1016 2.726506e-10
1017 1.931512e-10
1018 1.334218e-10
1019 8.968632e-11
1020 0.000000e+00
1021 0.000000e+00
1022 0.000000e+00
1023 0.000000e+00
1024 0.000000e+00
1025 3.394277e-08
1026 2.799425e-08
1027 2.238186e-08
1028 1.747889e-08
1029 1.337486e-08
1030 9.984039e-09
1031 7.234589e-09
1032 5.150034e-09
1033 3.677849e-09
1034 2.633179e-09
1035 1.904307e-09
1036 1.394358e-09
1037 1.032390e-09
1038 7.688746e-10
1039 5.719195e-10
1040 4.217962e-10
1041 3.063955e-10
1042 2.180645e-10
1043 1.514777e-10
1044 1.024639e-10
1045 0.000000e+00
1046 0.000000e+00
1047 0.000000e+00
1048 0.000000e+00
1049 0.000000e+00
1050 3.662829e-08
1051 3.035388e-08
1052 2.436078e-08
1053 1.907641e-08
1054 1.464129e-08
1055 1.096997e-08
1056 7.973169e-09
1057 5.674693e-09
1058 4.046462e-09
1059 2.892293e-09
1060 2.084847e-09
1061 1.522190e-09
1062 1.124269e-09
1063 8.360499e-10
1064 6.217974e-10
1065 4.590802e-10
1066 3.342137e-10
1067 2.385961e-10
1068 1.663626e-10
1069 1.130030e-10
1070 0.000000e+00
1071 0.000000e+00
1072 0.000000e+00
1073 0.000000e+00
1074 0.000000e+00
1075 3.894268e-08
1076 3.238906e-08
1077 2.606868e-08
1078 2.045583e-08
1079 1.573427e-08
1080 1.182133e-08
1081 8.610527e-09
1082 6.127237e-09
1083 4.364151e-09
1084 3.115403e-09
1085 2.240482e-09
1086 1.632293e-09
1087 1.203427e-09
1088 8.939770e-10
1089 6.647915e-10
1090 4.912171e-10
1091 3.581876e-10
1092 2.562914e-10
1093 1.791929e-10
1094 1.220885e-10
1095 0.000000e+00
1096 0.000000e+00
1097 0.000000e+00
1098 0.000000e+00
1099 0.000000e+00
1100 4.185674e-08
1101 3.495087e-08
1102 2.821367e-08
1103 2.218914e-08
1104 1.710859e-08
1105 1.289151e-08
1106 9.413065e-09
1107 6.698017e-09
1108 4.764643e-09
1109 3.396403e-09
1110 2.436585e-09
1111 1.770869e-09
1112 1.303003e-09
1113 9.668220e-10
1114 7.188540e-10
1115 5.316326e-10
1116 3.883382e-10
1117 2.785500e-10
1118 1.953318e-10
1119 1.335180e-10
1120 0.000000e+00
1121 0.000000e+00
1122 0.000000e+00
1123 0.000000e+00
1124 0.000000e+00
1125 3.818519e-08
1126 3.178792e-08
1127 2.561027e-08
1128 2.011210e-08
1129 1.547097e-08
1130 1.162890e-08
1131 8.487481e-09
1132 6.050884e-09
1133 4.306812e-09
1134 3.076530e-09
1135 2.211009e-09
1136 1.609669e-09
1137 1.185450e-09
1138 8.796597e-10
1139 6.534622e-10
1140 4.824505e-10
1141 3.516071e-10
1142 2.515403e-10
1143 1.759058e-10
1144 1.199224e-10
1145 0.000000e+00
1146 0.000000e+00
1147 0.000000e+00
1148 0.000000e+00
1149 0.000000e+00
1150 4.176864e-08
1151 3.501126e-08
1152 2.836450e-08
1153 2.236676e-08
1154 1.727017e-08
1155 1.304265e-08
1156 9.568057e-09
1157 6.833842e-09
1158 4.853912e-09
1159 3.461799e-09
1160 2.477760e-09
1161 1.796565e-09
1162 1.317785e-09
1163 9.749845e-10
1164 7.233530e-10
1165 5.342732e-10
1166 3.901641e-10
1167 2.800705e-10
1168 1.967404e-10
1169 1.348410e-10
1170 0.000000e+00
1171 0.000000e+00
1172 0.000000e+00
1173 0.000000e+00
1174 0.000000e+00
1175 4.487167e-08
1176 3.780762e-08
1177 3.075947e-08
1178 2.433171e-08
1179 1.883766e-08
1180 1.427427e-08
1181 1.051003e-08
1182 7.517401e-09
1183 5.332262e-09
1184 3.798182e-09
1185 2.710522e-09
1186 1.959525e-09
1187 1.433145e-09
1188 1.058034e-09
1189 7.841763e-10
1190 5.793360e-10
1191 4.236704e-10
1192 3.048578e-10
1193 2.148435e-10
1194 1.478078e-10
1195 0.000000e+00
1196 0.000000e+00
1197 0.000000e+00
1198 0.000000e+00
1199 0.000000e+00
1200 4.879066e-08
1201 4.132874e-08
1202 3.377884e-08
1203 2.680673e-08
1204 2.081321e-08
1205 1.582684e-08
1206 1.169855e-08
1207 8.381008e-09
1208 5.935291e-09
1209 4.222327e-09
1210 3.004766e-09
1211 2.165163e-09
1212 1.578502e-09
1213 1.162746e-09
1214 8.608452e-10
1215 6.361349e-10
1216 4.658985e-10
1217 3.361001e-10
1218 2.376612e-10
1219 1.641542e-10
1220 0.000000e+00
1221 0.000000e+00
1222 0.000000e+00
1223 0.000000e+00
1224 0.000000e+00
1225 4.628408e-08
1226 3.914090e-08
1227 3.195584e-08
1228 2.534486e-08
1229 1.966029e-08
1230 1.492986e-08
1231 1.102920e-08
1232 7.911620e-09
1233 5.608137e-09
1234 3.991514e-09
1235 2.844657e-09
1236 2.051255e-09
1237 1.496126e-09
1238 1.102090e-09
1239 8.155230e-10
1240 6.020588e-10
1241 4.403754e-10
1242 3.172192e-10
1243 2.239688e-10
1244 1.544760e-10
1245 0.000000e+00
1246 0.000000e+00
1247 0.000000e+00
1248 0.000000e+00
1249 0.000000e+00
1250 5.028375e-08
1251 4.282317e-08
1252 3.516974e-08
1253 2.802092e-08
1254 2.181331e-08
1255 1.663164e-08
1256 1.234803e-08
1257 8.891274e-09
1258 6.296709e-09
1259 4.473665e-09
1260 3.179658e-09
1261 2.283140e-09
1262 1.658098e-09
1263 1.217050e-09
1264 8.985608e-10
1265 6.629133e-10
1266 4.853341e-10
1267 3.504309e-10
1268 2.483049e-10
1269 1.720388e-10
1270 0.000000e+00
1271 0.000000e+00
1272 0.000000e+00
1273 0.000000e+00
1274 0.000000e+00
1275 5.535415e-08
1276 4.747706e-08
1277 3.924059e-08
1278 3.141419e-08
1279 2.454760e-08
1280 1.879349e-08
1281 1.402655e-08
1282 1.013813e-08
1283 7.174295e-09
1284 5.087104e-09
1285 3.606324e-09
1286 2.578074e-09
1287 1.864149e-09
1288 1.363261e-09
1289 1.004061e-09
1290 7.401712e-10
1291 5.423767e-10
1292 3.925565e-10
1293 2.791672e-10
1294 1.943138e-10
1295 0.000000e+00
1296 0.000000e+00
1297 0.000000e+00
1298 0.000000e+00
1299 0.000000e+00
1300 5.526151e-08
1301 4.746773e-08
1302 3.930185e-08
1303 3.151148e-08
1304 2.464672e-08
1305 1.888124e-08
1306 1.410760e-08
1307 1.021951e-08
1308 7.241807e-09
1309 5.130926e-09
1310 3.639031e-09
1311 2.597896e-09
1312 1.876353e-09
1313 1.370326e-09
1314 1.007835e-09
1315 7.421376e-10
1316 5.434229e-10
1317 3.931920e-10
1318 2.796558e-10
1319 1.947640e-10
1320 0.000000e+00
1321 0.000000e+00
1322 0.000000e+00
1323 0.000000e+00
1324 0.000000e+00
1325 6.168478e-08
1326 5.349628e-08
1327 4.467182e-08
1328 3.606890e-08
1329 2.835822e-08
1330 2.183251e-08
1331 1.641953e-08
1332 1.197261e-08
1333 8.495939e-09
1334 6.002579e-09
1335 4.248320e-09
1336 3.015226e-09
1337 2.165443e-09
1338 1.572328e-09
1339 1.151368e-09
1340 8.458220e-10
1341 6.191955e-10
1342 4.488453e-10
1343 3.204098e-10
1344 2.243011e-10
1345 0.000000e+00
1346 0.000000e+00
1347 0.000000e+00
1348 0.000000e+00
1349 0.000000e+00
1350 7.036091e-08
1351 6.183467e-08
1352 5.230566e-08
1353 4.269854e-08
1354 3.385192e-08
1355 2.623906e-08
1356 1.989627e-08
1357 1.466021e-08
1358 1.047225e-08
1359 7.377970e-09
1360 5.209023e-09
1361 3.673157e-09
1362 2.615904e-09
1363 1.882002e-09
1364 1.367260e-09
1365 9.987580e-10
1366 7.291476e-10
1367 5.286780e-10
1368 3.785465e-10
1369 2.664587e-10
1370 0.000000e+00
1371 0.000000e+00
1372 0.000000e+00
1373 0.000000e+00
1374 0.000000e+00
1375 1.996220e-07
1376 1.640569e-07
1377 1.317201e-07
1378 1.084083e-07
1379 8.690675e-08
1380 6.066102e-08
1381 4.356442e-08
1382 3.038290e-08
1383 2.117216e-08
1384 1.481192e-08
1385 0.000000e+00
1386 0.000000e+00
1387 0.000000e+00
1388 0.000000e+00
1389 0.000000e+00
1390 0.000000e+00
1391 0.000000e+00
1392 0.000000e+00
1393 0.000000e+00
1394 0.000000e+00
1395 0.000000e+00
1396 0.000000e+00
1397 0.000000e+00
1398 0.000000e+00
1399 0.000000e+00
1400 3.306958e-07
1401 2.732954e-07
1402 2.195774e-07
1403 1.801796e-07
1404 1.452819e-07
1405 1.027968e-07
1406 7.316746e-08
1407 5.142624e-08
1408 3.570414e-08
1409 2.495022e-08
1410 0.000000e+00
1411 0.000000e+00
1412 0.000000e+00
1413 0.000000e+00
1414 0.000000e+00
1415 0.000000e+00
1416 0.000000e+00
1417 0.000000e+00
1418 0.000000e+00
1419 0.000000e+00
1420 0.000000e+00
1421 0.000000e+00
1422 0.000000e+00
1423 0.000000e+00
1424 0.000000e+00
1425 4.251633e-07
1426 3.522878e-07
1427 2.831882e-07
1428 2.320784e-07
1429 1.875318e-07
1430 1.335171e-07
1431 9.472557e-08
1432 6.675968e-08
1433 4.629477e-08
1434 3.233532e-08
1435 0.000000e+00
1436 0.000000e+00
1437 0.000000e+00
1438 0.000000e+00
1439 0.000000e+00
1440 0.000000e+00
1441 0.000000e+00
1442 0.000000e+00
1443 0.000000e+00
1444 0.000000e+00
1445 0.000000e+00
1446 0.000000e+00
1447 0.000000e+00
1448 0.000000e+00
1449 0.000000e+00
1450 4.897448e-07
1451 4.063046e-07
1452 3.266932e-07
1453 2.675709e-07
1454 2.164252e-07
1455 1.542825e-07
1456 1.094784e-07
1457 7.725095e-08
1458 5.354249e-08
1459 3.738869e-08
1460 0.000000e+00
1461 0.000000e+00
1462 0.000000e+00
1463 0.000000e+00
1464 0.000000e+00
1465 0.000000e+00
1466 0.000000e+00
1467 0.000000e+00
1468 0.000000e+00
1469 0.000000e+00
1470 0.000000e+00
1471 0.000000e+00
1472 0.000000e+00
1473 0.000000e+00
1474 0.000000e+00
1475 5.448939e-07
1476 4.524324e-07
1477 3.638443e-07
1478 2.978797e-07
1479 2.410989e-07
1480 1.722143e-07
1481 1.220780e-07
1482 8.607199e-08
1483 5.973175e-08
1484 4.170407e-08
1485 0.000000e+00
1486 0.000000e+00
1487 0.000000e+00
1488 0.000000e+00
1489 0.000000e+00
1490 0.000000e+00
1491 0.000000e+00
1492 0.000000e+00
1493 0.000000e+00
1494 0.000000e+00
1495 0.000000e+00
1496 0.000000e+00
1497 0.000000e+00
1498 0.000000e+00
1499 0.000000e+00
1500 5.898305e-07
1501 4.900178e-07
1502 3.941155e-07
1503 3.225759e-07
1504 2.612033e-07
1505 1.868249e-07
1506 1.323433e-07
1507 9.336441e-08
1508 6.477290e-08
1509 4.521957e-08
1510 0.000000e+00
1511 0.000000e+00
1512 0.000000e+00
1513 0.000000e+00
1514 0.000000e+00
1515 0.000000e+00
1516 0.000000e+00
1517 0.000000e+00
1518 0.000000e+00
1519 0.000000e+00
1520 0.000000e+00
1521 0.000000e+00
1522 0.000000e+00
1523 0.000000e+00
1524 0.000000e+00
1525 6.284973e-07
1526 5.223595e-07
1527 4.201633e-07
1528 3.438264e-07
1529 2.785028e-07
1530 1.993976e-07
1531 1.411766e-07
1532 9.963965e-08
1533 6.900634e-08
1534 4.824521e-08
1535 0.000000e+00
1536 0.000000e+00
1537 0.000000e+00
1538 0.000000e+00
1539 0.000000e+00
1540 0.000000e+00
1541 0.000000e+00
1542 0.000000e+00
1543 0.000000e+00
1544 0.000000e+00
1545 0.000000e+00
1546 0.000000e+00
1547 0.000000e+00
1548 0.000000e+00
1549 0.000000e+00
1550 6.771464e-07
1551 5.630509e-07
1552 4.529362e-07
1553 3.705632e-07
1554 3.002689e-07
1555 2.152164e-07
1556 1.522906e-07
1557 1.075351e-07
1558 7.446023e-08
1559 5.204410e-08
1560 0.000000e+00
1561 0.000000e+00
1562 0.000000e+00
1563 0.000000e+00
1564 0.000000e+00
1565 0.000000e+00
1566 0.000000e+00
1567 0.000000e+00
1568 0.000000e+00
1569 0.000000e+00
1570 0.000000e+00
1571 0.000000e+00
1572 0.000000e+00
1573 0.000000e+00
1574 0.000000e+00
1575 1.669766e-07
1576 1.452236e-07
1577 1.186657e-07
1578 9.544757e-08
1579 7.854401e-08
1580 6.182403e-08
1581 4.286959e-08
1582 3.071660e-08
1583 2.125601e-08
1584 1.472788e-08
1585 1.022132e-08
1586 0.000000e+00
1587 0.000000e+00
1588 0.000000e+00
1589 0.000000e+00
1590 0.000000e+00
1591 0.000000e+00
1592 0.000000e+00
1593 0.000000e+00
1594 0.000000e+00
1595 0.000000e+00
1596 0.000000e+00
1597 0.000000e+00
1598 0.000000e+00
1599 0.000000e+00
1600 2.689312e-07
1601 2.357593e-07
1602 1.936593e-07
1603 1.556832e-07
1604 1.278347e-07
1605 1.016304e-07
1606 7.123800e-08
1607 5.059279e-08
1608 3.530944e-08
1609 2.435781e-08
1610 1.687210e-08
1611 0.000000e+00
1612 0.000000e+00
1613 0.000000e+00
1614 0.000000e+00
1615 0.000000e+00
1616 0.000000e+00
1617 0.000000e+00
1618 0.000000e+00
1619 0.000000e+00
1620 0.000000e+00
1621 0.000000e+00
1622 0.000000e+00
1623 0.000000e+00
1624 0.000000e+00
1625 3.428865e-07
1626 3.016308e-07
1627 2.483714e-07
1628 1.996597e-07
1629 1.637304e-07
1630 1.306676e-07
1631 9.206911e-08
1632 6.514600e-08
1633 4.562571e-08
1634 3.141629e-08
1635 2.174742e-08
1636 0.000000e+00
1637 0.000000e+00
1638 0.000000e+00
1639 0.000000e+00
1640 0.000000e+00
1641 0.000000e+00
1642 0.000000e+00
1643 0.000000e+00
1644 0.000000e+00
1645 0.000000e+00
1646 0.000000e+00
1647 0.000000e+00
1648 0.000000e+00
1649 0.000000e+00
1650 4.062120e-07
1651 3.580571e-07
1652 2.952509e-07
1653 2.373435e-07
1654 1.945105e-07
1655 1.555932e-07
1656 1.099431e-07
1657 7.764356e-08
1658 5.447702e-08
1659 3.747270e-08
1660 2.593062e-08
1661 0.000000e+00
1662 0.000000e+00
1663 0.000000e+00
1664 0.000000e+00
1665 0.000000e+00
1666 0.000000e+00
1667 0.000000e+00
1668 0.000000e+00
1669 0.000000e+00
1670 0.000000e+00
1671 0.000000e+00
1672 0.000000e+00
1673 0.000000e+00
1674 0.000000e+00
1675 4.578073e-07
1676 4.040317e-07
1677 3.334472e-07
1678 2.680474e-07
1679 2.195893e-07
1680 1.758879e-07
1681 1.245067e-07
1682 8.782084e-08
1683 6.168895e-08
1684 4.240740e-08
1685 2.933904e-08
1686 0.000000e+00
1687 0.000000e+00
1688 0.000000e+00
1689 0.000000e+00
1690 0.000000e+00
1691 0.000000e+00
1692 0.000000e+00
1693 0.000000e+00
1694 0.000000e+00
1695 0.000000e+00
1696 0.000000e+00
1697 0.000000e+00
1698 0.000000e+00
1699 0.000000e+00
1700 5.022040e-07
1701 4.435914e-07
1702 3.663137e-07
1703 2.944669e-07
1704 2.411688e-07
1705 1.933512e-07
1706 1.370664e-07
1707 9.657827e-08
1708 6.789441e-08
1709 4.665345e-08
1710 3.227182e-08
1711 0.000000e+00
1712 0.000000e+00
1713 0.000000e+00
1714 0.000000e+00
1715 0.000000e+00
1716 0.000000e+00
1717 0.000000e+00
1718 0.000000e+00
1719 0.000000e+00
1720 0.000000e+00
1721 0.000000e+00
1722 0.000000e+00
1723 0.000000e+00
1724 0.000000e+00
1725 5.580999e-07
1726 4.933984e-07
1727 4.076943e-07
1728 3.277305e-07
1729 2.683383e-07
1730 2.153384e-07
1731 1.528501e-07
1732 1.076044e-07
1733 7.570770e-08
1734 5.202283e-08
1735 3.596443e-08
1736 0.000000e+00
1737 0.000000e+00
1738 0.000000e+00
1739 0.000000e+00
1740 0.000000e+00
1741 0.000000e+00
1742 0.000000e+00
1743 0.000000e+00
1744 0.000000e+00
1745 0.000000e+00
1746 0.000000e+00
1747 0.000000e+00
1748 0.000000e+00
1749 0.000000e+00
1750 1.206972e-07
1751 1.119875e-07
1752 9.612522e-08
1753 7.784319e-08
1754 6.267949e-08
1755 5.183263e-08
1756 3.998995e-08
1757 2.708438e-08
1758 1.973686e-08
1759 1.329332e-08
1760 9.179536e-09
1761 6.317845e-09
1762 0.000000e+00
1763 0.000000e+00
1764 0.000000e+00
1765 0.000000e+00
1766 0.000000e+00
1767 0.000000e+00
1768 0.000000e+00
1769 0.000000e+00
1770 0.000000e+00
1771 0.000000e+00
1772 0.000000e+00
1773 0.000000e+00
1774 0.000000e+00
1775 1.933149e-07
1776 1.804477e-07
1777 1.558465e-07
1778 1.266353e-07
1779 1.018236e-07
1780 8.409329e-08
1781 6.559691e-08
1782 4.463321e-08
1783 3.234487e-08
1784 2.189961e-08
1785 1.510777e-08
1786 1.036569e-08
1787 0.000000e+00
1788 0.000000e+00
1789 0.000000e+00
1790 0.000000e+00
1791 0.000000e+00
1792 0.000000e+00
1793 0.000000e+00
1794 0.000000e+00
1795 0.000000e+00
1796 0.000000e+00
1797 0.000000e+00
1798 0.000000e+00
1799 0.000000e+00
1800 2.594963e-07
1801 2.429961e-07
1802 2.105670e-07
1803 1.714344e-07
1804 1.377632e-07
1805 1.136779e-07
1806 8.915385e-08
1807 6.086539e-08
1808 4.394985e-08
1809 2.986155e-08
1810 2.057812e-08
1811 1.409814e-08
1812 0.000000e+00
1813 0.000000e+00
1814 0.000000e+00
1815 0.000000e+00
1816 0.000000e+00
1817 0.000000e+00
1818 0.000000e+00
1819 0.000000e+00
1820 0.000000e+00
1821 0.000000e+00
1822 0.000000e+00
1823 0.000000e+00
1824 0.000000e+00
1825 3.136237e-07
1826 2.941626e-07
1827 2.553409e-07
1828 2.080976e-07
1829 1.671765e-07
1830 1.378877e-07
1831 1.084348e-07
1832 7.415846e-08
1833 5.344980e-08
1834 3.638194e-08
1835 2.505683e-08
1836 1.715401e-08
1837 0.000000e+00
1838 0.000000e+00
1839 0.000000e+00
1840 0.000000e+00
1841 0.000000e+00
1842 0.000000e+00
1843 0.000000e+00
1844 0.000000e+00
1845 0.000000e+00
1846 0.000000e+00
1847 0.000000e+00
1848 0.000000e+00
1849 0.000000e+00
1850 3.601900e-07
1851 3.381817e-07
1852 2.938607e-07
1853 2.396398e-07
1854 1.924814e-07
1855 1.587159e-07
1856 1.250227e-07
1857 8.559498e-08
1858 6.162284e-08
1859 4.199168e-08
1860 2.891001e-08
1861 1.978308e-08
1862 0.000000e+00
1863 0.000000e+00
1864 0.000000e+00
1865 0.000000e+00
1866 0.000000e+00
1867 0.000000e+00
1868 0.000000e+00
1869 0.000000e+00
1870 0.000000e+00
1871 0.000000e+00
1872 0.000000e+00
1873 0.000000e+00
1874 0.000000e+00
1875 4.188491e-07
1876 3.936325e-07
1877 3.423842e-07
1878 2.793736e-07
1879 2.243582e-07
1880 1.849532e-07
1881 1.459186e-07
1882 1.000018e-07
1883 7.191855e-08
1884 4.905836e-08
1885 3.376392e-08
1886 2.309496e-08
1887 0.000000e+00
1888 0.000000e+00
1889 0.000000e+00
1890 0.000000e+00
1891 0.000000e+00
1892 0.000000e+00
1893 0.000000e+00
1894 0.000000e+00
1895 0.000000e+00
1896 0.000000e+00
1897 0.000000e+00
1898 0.000000e+00
1899 0.000000e+00
1900 8.437536e-08
1901 8.220146e-08
1902 7.427444e-08
1903 6.216574e-08
1904 4.982660e-08
1905 4.051918e-08
1906 3.344354e-08
1907 2.426366e-08
1908 1.656437e-08
1909 1.190868e-08
1910 8.010360e-09
1911 5.420901e-09
1912 0.000000e+00
1913 0.000000e+00
1914 0.000000e+00
1915 0.000000e+00
1916 0.000000e+00
1917 0.000000e+00
1918 0.000000e+00
1919 0.000000e+00
1920 0.000000e+00
1921 0.000000e+00
1922 0.000000e+00
1923 0.000000e+00
1924 0.000000e+00
1925 1.466759e-07
1926 1.435028e-07
1927 1.304694e-07
1928 1.098000e-07
1929 8.815061e-08
1930 7.149420e-08
1931 5.911608e-08
1932 4.351947e-08
1933 2.950399e-08
1934 2.136236e-08
1935 1.428764e-08
1936 9.687983e-09
1937 0.000000e+00
1938 0.000000e+00
1939 0.000000e+00
1940 0.000000e+00
1941 0.000000e+00
1942 0.000000e+00
1943 0.000000e+00
1944 0.000000e+00
1945 0.000000e+00
1946 0.000000e+00
1947 0.000000e+00
1948 0.000000e+00
1949 0.000000e+00
1950 2.005805e-07
1951 1.966917e-07
1952 1.793329e-07
1953 1.513091e-07
1954 1.215809e-07
1955 9.849435e-08
1956 8.148837e-08
1957 6.038148e-08
1958 4.083682e-08
1959 2.963689e-08
1960 1.978355e-08
1961 1.342786e-08
1962 0.000000e+00
1963 0.000000e+00
1964 0.000000e+00
1965 0.000000e+00
1966 0.000000e+00
1967 0.000000e+00
1968 0.000000e+00
1969 0.000000e+00
1970 0.000000e+00
1971 0.000000e+00
1972 0.000000e+00
1973 0.000000e+00
1974 0.000000e+00
1975 2.471343e-07
1976 2.426341e-07
1977 2.215469e-07
1978 1.871764e-07
1979 1.504704e-07
1980 1.218260e-07
1981 1.008200e-07
1982 7.495747e-08
1983 5.063449e-08
1984 3.678923e-08
1985 2.453489e-08
1986 1.666122e-08
1987 0.000000e+00
1988 0.000000e+00
1989 0.000000e+00
1990 0.000000e+00
1991 0.000000e+00
1992 0.000000e+00
1993 0.000000e+00
1994 0.000000e+00
1995 0.000000e+00
1996 0.000000e+00
1997 0.000000e+00
1998 0.000000e+00
1999 0.000000e+00
2000 3.057907e-07
2001 3.005201e-07
2002 2.747355e-07
2003 2.323684e-07
2004 1.868707e-07
2005 1.512233e-07
2006 1.251776e-07
2007 9.332307e-08
2008 6.297946e-08
2009 4.580111e-08
2010 3.052155e-08
2011 2.073522e-08
2012 0.000000e+00
2013 0.000000e+00
2014 0.000000e+00
2015 0.000000e+00
2016 0.000000e+00
2017 0.000000e+00
2018 0.000000e+00
2019 0.000000e+00
2020 0.000000e+00
2021 0.000000e+00
2022 0.000000e+00
2023 0.000000e+00
2024 0.000000e+00
2025 6.824469e-08
2026 6.878776e-08
2027 6.488471e-08
2028 5.654025e-08
2029 4.606340e-08
2030 3.688799e-08
2031 3.050092e-08
2032 2.428425e-08
2033 1.632231e-08
2034 1.186935e-08
2035 7.896841e-09
2036 5.423846e-09
2037 3.641485e-09
2038 0.000000e+00
2039 0.000000e+00
2040 0.000000e+00
2041 0.000000e+00
2042 0.000000e+00
2043 0.000000e+00
2044 0.000000e+00
2045 0.000000e+00
2046 0.000000e+00
2047 0.000000e+00
2048 0.000000e+00
2049 0.000000e+00
2050 1.181606e-07
2051 1.195009e-07
2052 1.132176e-07
2053 9.913450e-08
2054 8.101732e-08
2055 6.484217e-08
2056 5.350676e-08
2057 4.292550e-08
2058 2.905445e-08
2059 2.095928e-08
2060 1.405630e-08
2061 9.642828e-09
2062 6.454414e-09
2063 0.000000e+00
2064 0.000000e+00
2065 0.000000e+00
2066 0.000000e+00
2067 0.000000e+00
2068 0.000000e+00
2069 0.000000e+00
2070 0.000000e+00
2071 0.000000e+00
2072 0.000000e+00
2073 0.000000e+00
2074 0.000000e+00
2075 1.635562e-07
2076 1.656736e-07
2077 1.572898e-07
2078 1.380429e-07
2079 1.129896e-07
2080 9.041344e-08
2081 7.453332e-08
2082 5.996899e-08
2083 4.076894e-08
2084 2.926897e-08
2085 1.972106e-08
2086 1.351103e-08
2087 9.036364e-09
2088 0.000000e+00
2089 0.000000e+00
2090 0.000000e+00
2091 0.000000e+00
2092 0.000000e+00
2093 0.000000e+00
2094 0.000000e+00
2095 0.000000e+00
2096 0.000000e+00
2097 0.000000e+00
2098 0.000000e+00
2099 0.000000e+00
2100 2.208626e-07
2101 2.239637e-07
2102 2.129319e-07
2103 1.872335e-07
2104 1.534094e-07
2105 1.227410e-07
2106 1.011183e-07
2107 8.148990e-08
2108 5.554951e-08
2109 3.976311e-08
2110 2.687588e-08
2111 1.839596e-08
2112 1.229427e-08
2113 0.000000e+00
2114 0.000000e+00
2115 0.000000e+00
2116 0.000000e+00
2117 0.000000e+00
2118 0.000000e+00
2119 0.000000e+00
2120 0.000000e+00
2121 0.000000e+00
2122 0.000000e+00
2123 0.000000e+00
2124 0.000000e+00
2125 5.340841e-08
2126 5.526667e-08
2127 5.396808e-08
2128 4.889428e-08
2129 4.097055e-08
2130 3.280651e-08
2131 2.665153e-08
2132 2.210258e-08
2133 1.603737e-08
2134 1.083475e-08
2135 7.803935e-09
2136 5.189266e-09
2137 3.443131e-09
2138 0.000000e+00
2139 0.000000e+00
2140 0.000000e+00
2141 0.000000e+00
2142 0.000000e+00
2143 0.000000e+00
2144 0.000000e+00
2145 0.000000e+00
2146 0.000000e+00
2147 0.000000e+00
2148 0.000000e+00
2149 0.000000e+00
2150 9.495792e-08
2151 9.854254e-08
2152 9.658755e-08
2153 8.792172e-08
2154 7.397650e-08
2155 5.930895e-08
2156 4.807959e-08
2157 3.991998e-08
2158 2.931372e-08
2159 1.967232e-08
2160 1.427961e-08
2161 9.431092e-09
2162 6.271351e-09
2163 0.000000e+00
2164 0.000000e+00
2165 0.000000e+00
2166 0.000000e+00
2167 0.000000e+00
2168 0.000000e+00
2169 0.000000e+00
2170 0.000000e+00
2171 0.000000e+00
2172 0.000000e+00
2173 0.000000e+00
2174 0.000000e+00
2175 1.495822e-07
2176 1.554735e-07
2177 1.527104e-07
2178 1.393720e-07
2179 1.175425e-07
2180 9.430842e-08
2181 7.636477e-08
2182 6.343587e-08
2183 4.688850e-08
2184 3.136794e-08
2185 2.285048e-08
2186 1.504265e-08
2187 1.001722e-08
2188 0.000000e+00
2189 0.000000e+00
2190 0.000000e+00
2191 0.000000e+00
2192 0.000000e+00
2193 0.000000e+00
2194 0.000000e+00
2195 0.000000e+00
2196 0.000000e+00
2197 0.000000e+00
2198 0.000000e+00
2199 0.000000e+00
2200 4.214186e-08
2201 4.458603e-08
2202 4.483874e-08
2203 4.214639e-08
2204 3.655702e-08
2205 2.967780e-08
2206 2.377145e-08
2207 1.971963e-08
2208 1.560219e-08
2209 1.032083e-08
2210 7.595241e-09
2211 4.928980e-09
2212 3.349567e-09
2213 2.211190e-09
2214 0.000000e+00
2215 0.000000e+00
2216 0.000000e+00
2217 0.000000e+00
2218 0.000000e+00
2219 0.000000e+00
2220 0.000000e+00
2221 0.000000e+00
2222 0.000000e+00
2223 0.000000e+00
2224 0.000000e+00
2225 9.218955e-08
2226 9.778966e-08
2227 9.868582e-08
2228 9.318331e-08
2229 8.128672e-08
2230 6.619144e-08
2231 5.297245e-08
2232 4.385132e-08
2233 3.498478e-08
2234 2.330543e-08
2235 1.699900e-08
2236 1.112526e-08
2237 7.570318e-09
2238 4.981660e-09
2239 0.000000e+00
2240 0.000000e+00
2241 0.000000e+00
2242 0.000000e+00
2243 0.000000e+00
2244 0.000000e+00
2245 0.000000e+00
2246 0.000000e+00
2247 0.000000e+00
2248 0.000000e+00
2249 0.000000e+00
2250 4.693476e-08
2251 5.062756e-08
2252 5.223779e-08
2253 5.078469e-08
2254 4.574401e-08
2255 3.811380e-08
2256 3.046252e-08
2257 2.482654e-08
2258 2.058072e-08
2259 1.463706e-08
2260 9.953599e-09
2261 7.043032e-09
2262 4.692678e-09
2263 3.046131e-09
2264 0.000000e+00
2265 0.000000e+00
2266 0.000000e+00
2267 0.000000e+00
2268 0.000000e+00
2269 0.000000e+00
2270 0.000000e+00
2271 0.000000e+00
2272 0.000000e+00
2273 0.000000e+00
2274 0.000000e+00
2275 2.367165e-05
2276 1.953549e-05
2277 1.565913e-05
2278 1.285291e-05
2279 1.043736e-05
2280 7.333007e-06
2281 5.219515e-06
2282 3.664669e-06
2283 2.551797e-06
2284 1.778696e-06
2285 0.000000e+00
2286 0.000000e+00
2287 0.000000e+00
2288 0.000000e+00
2289 0.000000e+00
2290 0.000000e+00
2291 0.000000e+00
2292 0.000000e+00
2293 0.000000e+00
2294 0.000000e+00
2295 0.000000e+00
2296 0.000000e+00
2297 0.000000e+00
2298 0.000000e+00
2299 0.000000e+00
2300 1.369958e-05
2301 1.212198e-05
2302 9.994772e-06
2303 8.006695e-06
2304 6.568786e-06
2305 5.324349e-06
2306 3.728099e-06
2307 2.638189e-06
2308 1.846792e-06
2309 1.275756e-06
2310 8.785448e-07
2311 0.000000e+00
2312 0.000000e+00
2313 0.000000e+00
2314 0.000000e+00
2315 0.000000e+00
2316 0.000000e+00
2317 0.000000e+00
2318 0.000000e+00
2319 0.000000e+00
2320 0.000000e+00
2321 0.000000e+00
2322 0.000000e+00
2323 0.000000e+00
2324 0.000000e+00
2325 9.643677e-06
2326 9.086715e-06
2327 7.912959e-06
2328 6.447306e-06
2329 5.165266e-06
2330 4.269387e-06
2331 3.396161e-06
2332 2.295204e-06
2333 1.671666e-06
2334 1.124824e-06
2335 7.798970e-07
2336 5.328806e-07
2337 0.000000e+00
2338 0.000000e+00
2339 0.000000e+00
2340 0.000000e+00
2341 0.000000e+00
2342 0.000000e+00
2343 0.000000e+00
2344 0.000000e+00
2345 0.000000e+00
2346 0.000000e+00
2347 0.000000e+00
2348 0.000000e+00
2349 0.000000e+00
2350 7.018785e-06
2351 6.917646e-06
2352 6.341800e-06
2353 5.370454e-06
2354 4.314072e-06
2355 3.485156e-06
2356 2.898320e-06
2357 2.171520e-06
2358 1.448390e-06
2359 1.067882e-06
2360 7.059166e-07
2361 4.782535e-07
2362 0.000000e+00
2363 0.000000e+00
2364 0.000000e+00
2365 0.000000e+00
2366 0.000000e+00
2367 0.000000e+00
2368 0.000000e+00
2369 0.000000e+00
2370 0.000000e+00
2371 0.000000e+00
2372 0.000000e+00
2373 0.000000e+00
2374 0.000000e+00
2375 5.431034e-06
2376 5.519330e-06
2377 5.261119e-06
2378 4.634071e-06
2379 3.798250e-06
2380 3.034556e-06
2381 2.499688e-06
2382 2.028589e-06
2383 1.377070e-06
2384 9.878539e-07
2385 6.645515e-07
2386 4.580252e-07
2387 3.054338e-07
2388 0.000000e+00
2389 0.000000e+00
2390 0.000000e+00
2391 0.000000e+00
2392 0.000000e+00
2393 0.000000e+00
2394 0.000000e+00
2395 0.000000e+00
2396 0.000000e+00
2397 0.000000e+00
2398 0.000000e+00
2399 0.000000e+00
2400 3.847309e-06
2401 4.008876e-06
2402 3.950251e-06
2403 3.618082e-06
2404 3.058982e-06
2405 2.454140e-06
2406 1.983440e-06
2407 1.652687e-06
2408 1.231494e-06
2409 8.155972e-07
2410 6.014869e-07
2411 3.930173e-07
2412 2.611841e-07
2413 0.000000e+00
2414 0.000000e+00
2415 0.000000e+00
2416 0.000000e+00
2417 0.000000e+00
2418 0.000000e+00
2419 0.000000e+00
2420 0.000000e+00
2421 0.000000e+00
2422 0.000000e+00
2423 0.000000e+00
2424 0.000000e+00
2425 2.853946e-06
2426 3.033557e-06
2427 3.069629e-06
2428 2.908165e-06
2429 2.543018e-06
2430 2.073535e-06
2431 1.657443e-06
2432 1.371058e-06
2433 1.102143e-06
2434 7.336632e-07
2435 5.350174e-07
2436 3.493490e-07
2437 2.389779e-07
2438 1.569707e-07
2439 0.000000e+00
2440 0.000000e+00
2441 0.000000e+00
2442 0.000000e+00
2443 0.000000e+00
2444 0.000000e+00
2445 0.000000e+00
2446 0.000000e+00
2447 0.000000e+00
2448 0.000000e+00
2449 0.000000e+00
2450 2.048104e-06
2451 2.214480e-06
2452 2.291974e-06
2453 2.237231e-06
2454 2.024495e-06
2455 1.692537e-06
2456 1.352946e-06
2457 1.099986e-06
2458 9.154913e-07
2459 6.581656e-07
2460 4.423071e-07
2461 3.175216e-07
2462 2.102721e-07
2463 1.361781e-07
2464 0.000000e+00
2465 0.000000e+00
2466 0.000000e+00
2467 0.000000e+00
2468 0.000000e+00
2469 0.000000e+00
2470 0.000000e+00
2471 0.000000e+00
2472 0.000000e+00
2473 0.000000e+00
2474 0.000000e+00
2475 6.472445e-07
2476 7.147945e-07
2477 7.604394e-07
2478 7.701410e-07
2479 7.303095e-07
2480 6.393196e-07
2481 5.218306e-07
2482 4.172750e-07
2483 3.450584e-07
2484 2.772109e-07
2485 1.847732e-07
2486 1.338409e-07
2487 8.717478e-08
2488 5.870789e-08
2489 3.778171e-08
2490 0.000000e+00
2491 0.000000e+00
2492 0.000000e+00
2493 0.000000e+00
2494 0.000000e+00
2495 0.000000e+00
2496 0.000000e+00
2497 0.000000e+00
2498 0.000000e+00
2499 0.000000e+00
2500 5.803805e+02
2501 2.583422e+02
2502 3.372818e+01
2503 1.106362e+01
2504 7.881846e+02
2505 3.042855e+02
2506 3.250793e+01
2507 8.934086e+00
2508 6.875615e+02
2509 2.267549e+02
2510 1.936745e+01
2511 4.400336e+00
2512 4.639349e+02
2513 1.294362e+02
2514 8.697186e+00
2515 1.623123e+00
2516 1.959769e-08
2517 1.411948e-08
2518 9.986175e-09
2519 6.957026e-09
2520 4.766503e-09
2521 2.440910e-08
2522 1.727548e-08
2523 1.207884e-08
2524 8.293366e-09
2525 5.606177e-09
2526 3.037249e-08
2527 2.128069e-08
2528 1.462809e-08
2529 9.903665e-09
2530 6.613623e-09
2531 3.518132e-08
2532 2.440674e-08
2533 1.661257e-08
2534 1.113967e-08
2535 7.379532e-09
2536 2.404269e-08
2537 1.734226e-08
2538 1.227208e-08
2539 8.555089e-09
2540 5.865128e-09
2541 2.997489e-08
2542 2.122510e-08
2543 1.485031e-08
2544 1.020326e-08
2545 6.900846e-09
2546 3.731073e-08
2547 2.616061e-08
2548 1.799458e-08
2549 1.218967e-08
2550 8.144325e-09
2551 4.322958e-08
2552 3.001262e-08
2553 2.044220e-08
2554 1.371461e-08
2555 9.089351e-09
2556 2.704639e-08
2557 1.951759e-08
2558 1.381503e-08
2559 9.633752e-09
2560 6.606678e-09
2561 3.373170e-08
2562 2.389103e-08
2563 1.672101e-08
2564 1.149239e-08
2565 7.774721e-09
2566 4.199393e-08
2567 2.945447e-08
2568 2.026690e-08
2569 1.373269e-08
2570 9.177515e-09
2571 4.866203e-08
2572 3.379648e-08
2573 2.302713e-08
2574 1.545263e-08
2575 1.024344e-08
2576 2.909347e-08
2577 2.100013e-08
2578 1.486659e-08
2579 1.036890e-08
2580 7.112070e-09
2581 3.629207e-08
2582 2.570793e-08
2583 1.799594e-08
2584 1.237099e-08
2585 8.370300e-09
2586 4.518565e-08
2587 3.169933e-08
2588 2.181556e-08
2589 1.478430e-08
2590 9.881675e-09
2591 5.236439e-08
2592 3.637531e-08
2593 2.478885e-08
2594 1.663717e-08
2595 1.103000e-08
2596 3.084195e-08
2597 2.226642e-08
2598 1.576476e-08
2599 1.099680e-08
2600 7.543736e-09
2601 3.847896e-08
2602 2.725980e-08
2603 1.908489e-08
2604 1.312141e-08
2605 8.878994e-09
2606 4.791180e-08
2607 3.361673e-08
2608 2.313830e-08
2609 1.568251e-08
2610 1.048311e-08
2611 5.552669e-08
2612 3.857795e-08
2613 2.629357e-08
2614 1.764890e-08
2615 1.170181e-08
2616 3.226631e-08
2617 2.329797e-08
2618 1.649644e-08
2619 1.150831e-08
2620 7.895385e-09
2621 4.026045e-08
2622 2.852399e-08
2623 1.997199e-08
2624 1.373273e-08
2625 9.293394e-09
2626 5.013259e-08
2627 3.517870e-08
2628 2.421585e-08
2629 1.641422e-08
2630 1.097306e-08
2631 5.810279e-08
2632 4.037228e-08
2633 2.751936e-08
2634 1.847308e-08
2635 1.224893e-08
2636 3.349178e-08
2637 2.418548e-08
2638 1.712595e-08
2639 1.194839e-08
2640 8.197932e-09
2641 4.179319e-08
2642 2.961167e-08
2643 2.073522e-08
2644 1.425869e-08
2645 9.649929e-09
2646 5.204329e-08
2647 3.652256e-08
2648 2.514294e-08
2649 1.704376e-08
2650 1.139444e-08
2651 6.031917e-08
2652 4.191607e-08
2653 2.857399e-08
2654 1.918174e-08
2655 1.271978e-08
2656 3.503191e-08
2657 2.530088e-08
2658 1.791711e-08
2659 1.250149e-08
2660 8.578175e-09
2661 4.371951e-08
2662 3.097864e-08
2663 2.169443e-08
2664 1.491972e-08
2665 1.009790e-08
2666 5.444462e-08
2667 3.821152e-08
2668 2.630810e-08
2669 1.783455e-08
2670 1.192423e-08
2671 6.310470e-08
2672 4.385629e-08
2673 2.989877e-08
2674 2.007295e-08
2675 1.331157e-08
2676 1.564258e-08
2677 1.178657e-08
2678 8.691371e-09
2679 6.169881e-09
2680 4.312340e-09
2681 1.988884e-08
2682 1.483888e-08
2683 1.063374e-08
2684 7.436050e-09
2685 5.155005e-09
2686 2.575840e-08
2687 1.864201e-08
2688 1.307373e-08
2689 9.067680e-09
2690 6.172819e-09
2691 3.034974e-08
2692 2.153100e-08
2693 1.496223e-08
2694 1.030986e-08
2695 6.943325e-09
2696 2.090343e-08
2697 1.574040e-08
2698 1.162933e-08
2699 8.259517e-09
2700 5.773487e-09
2701 2.655380e-08
2702 1.983452e-08
2703 1.423651e-08
2704 9.951829e-09
2705 6.904137e-09
2706 3.439951e-08
2707 2.495400e-08
2708 1.749546e-08
2709 1.214243e-08
2710 8.268748e-09
2711 4.056905e-08
2712 2.882442e-08
2713 2.002095e-08
2714 1.380853e-08
2715 9.302195e-09
2716 2.449291e-08
2717 1.843805e-08
2718 1.363393e-08
2719 9.685317e-09
2720 6.770459e-09
2721 3.110120e-08
2722 2.324304e-08
2723 1.669476e-08
2724 1.166839e-08
2725 8.097613e-09
2726 4.029521e-08
2727 2.926079e-08
2728 2.051248e-08
2729 1.424040e-08
2730 9.698858e-09
2731 4.754168e-08
2732 3.380087e-08
2733 2.347259e-08
2734 1.619576e-08
2735 1.091172e-08
2736 2.755819e-08
2737 2.074174e-08
2738 1.534583e-08
2739 1.090297e-08
2740 7.621900e-09
2741 3.498451e-08
2742 2.615380e-08
2743 1.879414e-08
2744 1.313434e-08
2745 9.116893e-09
2746 4.532993e-08
2747 3.293880e-08
2748 2.308902e-08
2749 1.603214e-08
2750 1.092025e-08
2751 5.349605e-08
2752 3.805083e-08
2753 2.642029e-08
2754 1.823456e-08
2755 1.228636e-08
2756 3.005554e-08
2757 2.261858e-08
2758 1.674065e-08
2759 1.189506e-08
2760 8.315602e-09
2761 3.814828e-08
2762 2.852537e-08
2763 2.050461e-08
2764 1.432874e-08
2765 9.947324e-09
2766 4.943176e-08
2767 3.593549e-08
2768 2.518829e-08
2769 1.749192e-08
2770 1.191534e-08
2771 5.834747e-08
2772 4.151348e-08
2773 2.882197e-08
2774 1.989562e-08
2775 1.340629e-08
2776 3.220502e-08
2777 2.423400e-08
2778 1.794108e-08
2779 1.274888e-08
2780 8.912627e-09
2781 4.087124e-08
2782 3.056650e-08
2783 2.197670e-08
2784 1.535668e-08
2785 1.066203e-08
2786 5.296227e-08
2787 3.851456e-08
2788 2.699499e-08
2789 1.874827e-08
2790 1.277175e-08
2791 6.252290e-08
2792 4.449357e-08
2793 3.088894e-08
2794 2.132519e-08
2795 1.437014e-08
2796 3.490967e-08
2797 2.626665e-08
2798 1.945156e-08
2799 1.382323e-08
2800 9.663854e-09
2801 4.429764e-08
2802 3.313481e-08
2803 2.382901e-08
2804 1.665011e-08
2805 1.156132e-08
2806 5.740461e-08
2807 4.175975e-08
2808 2.926833e-08
2809 2.032911e-08
2810 1.384935e-08
2811 6.777673e-08
2812 4.824338e-08
2813 3.348976e-08
2814 2.312400e-08
2815 1.558294e-08
2816 1.277079e-08
2817 9.263695e-09
2818 6.895009e-09
2819 5.130741e-09
2820 3.631085e-09
2821 1.567222e-08
2822 1.154031e-08
2823 8.644708e-09
2824 6.240875e-09
2825 4.313427e-09
2826 1.979360e-08
2827 1.485668e-08
2828 1.089872e-08
2829 7.586383e-09
2830 5.236337e-09
2831 2.334055e-08
2832 1.748561e-08
2833 1.250214e-08
2834 8.589116e-09
2835 5.931255e-09
2836 1.813155e-08
2837 1.314155e-08
2838 9.768319e-09
2839 7.280336e-09
2840 5.156017e-09
2841 2.224180e-08
2842 1.634951e-08
2843 1.225231e-08
2844 8.861836e-09
2845 6.122210e-09
2846 2.805549e-08
2847 2.103686e-08
2848 1.547024e-08
2849 1.076808e-08
2850 7.433852e-09
2851 3.304689e-08
2852 2.477532e-08
2853 1.775314e-08
2854 1.218622e-08
2855 8.421832e-09
2856 2.273025e-08
2857 1.646800e-08
2858 1.223288e-08
2859 9.124278e-09
2860 6.464174e-09
2861 2.787735e-08
2862 2.047456e-08
2863 1.534676e-08
2864 1.111021e-08
2865 7.673840e-09
2866 3.514226e-08
2867 2.633768e-08
2868 1.939182e-08
2869 1.349745e-08
2870 9.318961e-09
2871 4.137213e-08
2872 3.102801e-08
2873 2.225770e-08
2874 1.527185e-08
2875 1.055835e-08
2876 2.647734e-08
2877 1.917844e-08
2878 1.424103e-08
2879 1.062675e-08
2880 7.530080e-09
2881 3.246928e-08
2882 2.383571e-08
2883 1.786817e-08
2884 1.294222e-08
2885 8.938130e-09
2886 4.091666e-08
2887 3.065687e-08
2888 2.258717e-08
2889 1.572137e-08
2890 1.085497e-08
2891 4.815566e-08
2892 3.612280e-08
2893 2.592809e-08
2894 1.778607e-08
2895 1.229922e-08
2896 2.970060e-08
2897 2.150997e-08
2898 1.596847e-08
2899 1.191918e-08
2900 8.446974e-09
2901 3.641928e-08
2902 2.672700e-08
2903 2.003710e-08
2904 1.451811e-08
2905 1.002568e-08
2906 4.588383e-08
2907 3.437226e-08
2908 2.533583e-08
2909 1.763440e-08
2910 1.217626e-08
2911 5.399091e-08
2912 4.050536e-08
2913 2.908536e-08
2914 1.994882e-08
2915 1.379672e-08
2916 3.376047e-08
2917 2.444666e-08
2918 1.814425e-08
2919 1.354707e-08
2920 9.601854e-09
2921 4.139451e-08
2922 3.036871e-08
2923 2.276896e-08
2924 1.650304e-08
2925 1.139550e-08
2926 5.214024e-08
2927 3.905198e-08
2928 2.879791e-08
2929 2.004396e-08
2930 1.384049e-08
2931 6.134067e-08
2932 4.602542e-08
2933 3.306212e-08
2934 2.267291e-08
2935 1.568290e-08
2936 1.038213e-08
2937 7.530903e-09
2938 5.389441e-09
2939 3.993003e-09
2940 2.943963e-09
2941 1.273599e-08
2942 9.070260e-09
2943 6.624640e-09
2944 4.940483e-09
2945 3.527870e-09
2946 1.571935e-08
2947 1.129336e-08
2948 8.460899e-09
2949 6.148961e-09
2950 4.250134e-09
2951 1.795041e-08
2952 1.317774e-08
2953 9.862331e-09
2954 6.971478e-09
2955 4.766925e-09
2956 1.649145e-08
2957 1.197720e-08
2958 8.564822e-09
2959 6.335065e-09
2960 4.677898e-09
2961 2.024342e-08
2962 1.442048e-08
2963 1.051263e-08
2964 7.839574e-09
2965 5.610731e-09
2966 2.499479e-08
2967 1.793254e-08
2968 1.341433e-08
2969 9.772115e-09
2970 6.756536e-09
2971 2.853121e-08
2972 2.089919e-08
2973 1.564172e-08
2974 1.108632e-08
2975 7.572389e-09
2976 2.150901e-08
2977 1.562927e-08
2978 1.117285e-08
2979 8.258419e-09
2980 6.102002e-09
2981 2.640953e-08
2982 1.881490e-08
2983 1.370559e-08
2984 1.022039e-08
2985 7.321529e-09
2986 3.261327e-08
2987 2.338514e-08
2988 1.748200e-08
2989 1.274789e-08
2990 8.815159e-09
2991 3.722162e-08
2992 2.724006e-08
2993 2.038775e-08
2994 1.446610e-08
2995 9.876510e-09
2996 2.582617e-08
2997 1.877155e-08
2998 1.341682e-08
2999 9.913293e-09
3000 7.327318e-09
3001 3.171493e-08
3002 2.259591e-08
3003 1.645285e-08
3004 1.226888e-08
3005 8.793522e-09
3006 3.916830e-08
3007 2.807663e-08
3008 2.098185e-08
3009 1.530828e-08
3010 1.058642e-08
3011 4.469895e-08
3012 3.269582e-08
3013 2.447128e-08
3014 1.737410e-08
3015 1.185900e-08
3016 3.126515e-08
3017 2.273036e-08
3018 1.624389e-08
3019 1.199818e-08
3020 8.871032e-09
3021 3.839893e-08
3022 2.735941e-08
3023 1.991398e-08
3024 1.484965e-08
3025 1.064801e-08
3026 4.742666e-08
3027 3.398719e-08
3028 2.539113e-08
3029 1.853399e-08
3030 1.281795e-08
3031 5.411927e-08
3032 3.956924e-08
3033 2.961590e-08
3034 2.103775e-08
3035 1.435664e-08
