0 2.047690e-09
1 1.508021e-09
2 1.097495e-09
3 8.000369e-10
4 5.884452e-10
5 4.371987e-10
6 3.286927e-10
7 2.490993e-10
8 1.891188e-10
9 1.427422e-10
10 1.062961e-10
11 7.758385e-11
12 5.522117e-11
13 3.819250e-11
14 2.563190e-11
15 1.670035e-11
16 1.058176e-11
17 6.542238e-12
18 3.961616e-12
19 2.358788e-12
20 0.000000e+00
21 0.000000e+00
22 0.000000e+00
23 0.000000e+00
24 0.000000e+00
25 3.421052e-09
26 2.554858e-09
27 1.867361e-09
28 1.352196e-09
29 9.850697e-10
30 7.236084e-10
31 5.377462e-10
32 4.044785e-10
33 3.066032e-10
34 2.325302e-10
35 1.751698e-10
36 1.300166e-10
37 9.445236e-11
38 6.684042e-11
39 4.593611e-11
40 3.061924e-11
41 1.980968e-11
42 1.246752e-11
43 7.660262e-12
44 4.613055e-12
45 0.000000e+00
46 0.000000e+00
47 0.000000e+00
48 0.000000e+00
49 0.000000e+00
50 3.868268e-09
51 2.899730e-09
52 2.124486e-09
53 1.537115e-09
54 1.117385e-09
55 8.188229e-10
56 6.066310e-10
57 4.552058e-10
58 3.446480e-10
59 2.615373e-10
60 1.973808e-10
61 1.469943e-10
62 1.072689e-10
63 7.630300e-11
64 5.272460e-11
65 3.533729e-11
66 2.297729e-11
67 1.452586e-11
68 8.957491e-12
69 5.409983e-12
70 0.000000e+00
71 0.000000e+00
72 0.000000e+00
73 0.000000e+00
74 0.000000e+00
75 4.117539e-09
76 3.091963e-09
77 2.267579e-09
78 1.639941e-09
79 1.190962e-09
80 8.717717e-10
81 6.449602e-10
82 4.834925e-10
83 3.658943e-10
84 2.776880e-10
85 2.097808e-10
86 1.564374e-10
87 1.143938e-10
88 8.157540e-11
89 5.650801e-11
90 3.796388e-11
91 2.474442e-11
92 1.567408e-11
93 9.681300e-12
94 5.854641e-12
95 0.000000e+00
96 0.000000e+00
97 0.000000e+00
98 0.000000e+00
99 0.000000e+00
100 4.285877e-09
101 3.221949e-09
102 2.364568e-09
103 1.709496e-09
104 1.240789e-09
105 9.077353e-10
106 6.708845e-10
107 5.026324e-10
108 3.802181e-10
109 2.886372e-10
110 2.181901e-10
111 1.628752e-10
112 1.192397e-10
113 8.513075e-11
114 5.906237e-11
115 3.974516e-11
116 2.593758e-11
117 1.644915e-11
118 1.016988e-11
119 6.154739e-12
120 0.000000e+00
121 0.000000e+00
122 0.000000e+00
123 0.000000e+00
124 0.000000e+00
125 4.413731e-09
126 3.320643e-09
127 2.438125e-09
128 1.762294e-09
129 1.278621e-09
130 9.348789e-10
131 6.905597e-10
132 5.171368e-10
133 3.910956e-10
134 2.968850e-10
135 2.244919e-10
136 1.677048e-10
137 1.228900e-10
138 8.783331e-11
139 6.100119e-11
140 4.109044e-11
141 2.684238e-11
142 1.703653e-11
143 1.054060e-11
144 6.382680e-12
145 0.000000e+00
146 0.000000e+00
147 0.000000e+00
148 0.000000e+00
149 0.000000e+00
150 4.516824e-09
151 3.400623e-09
152 2.497490e-09
153 1.805104e-09
154 1.309143e-09
155 9.570292e-10
156 7.064736e-10
157 5.288960e-10
158 3.999210e-10
159 3.036347e-10
160 2.296658e-10
161 1.716495e-10
162 1.258487e-10
163 9.002426e-11
164 6.257810e-11
165 4.218285e-11
166 2.757276e-11
167 1.751141e-11
168 1.083958e-11
169 6.566039e-12
170 0.000000e+00
171 0.000000e+00
172 0.000000e+00
173 0.000000e+00
174 0.000000e+00
175 4.600988e-09
176 3.465314e-09
177 2.545841e-09
178 1.839779e-09
179 1.334681e-09
180 9.752801e-10
181 7.195428e-10
182 5.384415e-10
183 4.071216e-10
184 3.091241e-10
185 2.338578e-10
186 1.748465e-10
187 1.282713e-10
188 9.180229e-11
189 6.385545e-11
190 4.306928e-11
191 2.816812e-11
192 1.789785e-11
193 1.108294e-11
194 6.715425e-12
195 0.000000e+00
196 0.000000e+00
197 0.000000e+00
198 0.000000e+00
199 0.000000e+00
200 4.677519e-09
201 3.524150e-09
202 2.589675e-09
203 1.871412e-09
204 1.356683e-09
205 9.910379e-10
206 7.309155e-10
207 5.468455e-10
208 4.134418e-10
209 3.139458e-10
210 2.375514e-10
211 1.776976e-10
212 1.304165e-10
213 9.338792e-11
214 6.498549e-11
215 4.385273e-11
216 2.869554e-11
217 1.823981e-11
218 1.129825e-11
219 6.847471e-12
220 0.000000e+00
221 0.000000e+00
222 0.000000e+00
223 0.000000e+00
224 0.000000e+00
225 4.771925e-09
226 3.597481e-09
227 2.644368e-09
228 1.910606e-09
229 1.384619e-09
230 1.011323e-09
231 7.459097e-10
232 5.579369e-10
233 4.217147e-10
234 3.203069e-10
235 2.424107e-10
236 1.813773e-10
237 1.331864e-10
238 9.543407e-11
239 6.645524e-11
240 4.487778e-11
241 2.938489e-11
242 1.868875e-11
243 1.158168e-11
244 7.021916e-12
245 0.000000e+00
246 0.000000e+00
247 0.000000e+00
248 0.000000e+00
249 0.000000e+00
250 7.358398e-09
251 5.643707e-09
252 4.229254e-09
253 3.087785e-09
254 2.223361e-09
255 1.610352e-09
256 1.173130e-09
257 8.653381e-10
258 6.466220e-10
259 4.881032e-10
260 3.697863e-10
261 2.789182e-10
262 2.077960e-10
263 1.518293e-10
264 1.082105e-10
265 7.494366e-11
266 5.034666e-11
267 3.280756e-11
268 2.077544e-11
269 1.282544e-11
270 0.000000e+00
271 0.000000e+00
272 0.000000e+00
273 0.000000e+00
274 0.000000e+00
275 9.241940e-09
276 7.142787e-09
277 5.403633e-09
278 3.979486e-09
279 2.868184e-09
280 2.067839e-09
281 1.500469e-09
282 1.098354e-09
283 8.153532e-10
284 6.125119e-10
285 4.631835e-10
286 3.500140e-10
287 2.621194e-10
288 1.930853e-10
289 1.390387e-10
290 9.744141e-11
291 6.628119e-11
292 4.372800e-11
293 2.800787e-11
294 1.746232e-11
295 0.000000e+00
296 0.000000e+00
297 0.000000e+00
298 0.000000e+00
299 0.000000e+00
300 1.030874e-08
301 7.992233e-09
302 6.069805e-09
303 4.485913e-09
304 3.235175e-09
305 2.328072e-09
306 1.686618e-09
307 1.230566e-09
308 9.112675e-10
309 6.830817e-10
310 5.161269e-10
311 3.902270e-10
312 2.928757e-10
313 2.164364e-10
314 1.565060e-10
315 1.101949e-10
316 7.532816e-11
317 4.993610e-11
318 3.212735e-11
319 2.010754e-11
320 0.000000e+00
321 0.000000e+00
322 0.000000e+00
323 0.000000e+00
324 0.000000e+00
325 1.103090e-08
326 8.567407e-09
327 6.520926e-09
328 4.829398e-09
329 3.484098e-09
330 2.504262e-09
331 1.813130e-09
332 1.320314e-09
333 9.762212e-10
334 7.308727e-10
335 5.520373e-10
336 4.175356e-10
337 3.137098e-10
338 2.322563e-10
339 1.683368e-10
340 1.188353e-10
341 8.145920e-11
342 5.414367e-11
343 3.491941e-11
344 2.190044e-11
345 0.000000e+00
346 0.000000e+00
347 0.000000e+00
348 0.000000e+00
349 0.000000e+00
350 1.157745e-08
351 9.002616e-09
352 6.861885e-09
353 5.088327e-09
354 3.672157e-09
355 2.638424e-09
356 1.908544e-09
357 1.388438e-09
358 1.025393e-09
359 7.670749e-10
360 5.791751e-10
361 4.381893e-10
362 3.294804e-10
363 2.442574e-10
364 1.773004e-10
365 1.253800e-10
366 8.609738e-11
367 5.732974e-11
368 3.703189e-11
369 2.325776e-11
370 0.000000e+00
371 0.000000e+00
372 0.000000e+00
373 0.000000e+00
374 0.000000e+00
375 1.202156e-08
376 9.356354e-09
377 7.138708e-09
378 5.299208e-09
379 3.824864e-09
380 2.746239e-09
381 1.985987e-09
382 1.443362e-09
383 1.065206e-09
384 7.964515e-10
385 6.012005e-10
386 4.549765e-10
387 3.422873e-10
388 2.539638e-10
389 1.845624e-10
390 1.306911e-10
391 8.986708e-11
392 5.991563e-11
393 3.874882e-11
394 2.435984e-11
395 0.000000e+00
396 0.000000e+00
397 0.000000e+00
398 0.000000e+00
399 0.000000e+00
400 1.238753e-08
401 9.647534e-09
402 7.368109e-09
403 5.473381e-09
404 3.951710e-09
405 2.835198e-09
406 2.049809e-09
407 1.488879e-09
408 1.098060e-09
409 8.205864e-10
410 6.193108e-10
411 4.687614e-10
412 3.528321e-10
413 2.619614e-10
414 1.905433e-10
415 1.350593e-10
416 9.296305e-11
417 6.204050e-11
418 4.015566e-11
419 2.526259e-11
420 0.000000e+00
421 0.000000e+00
422 0.000000e+00
423 0.000000e+00
424 0.000000e+00
425 1.271004e-08
426 9.904192e-09
427 7.568847e-09
428 5.626613e-09
429 4.061544e-09
430 2.914128e-09
431 2.105914e-09
432 1.528947e-09
433 1.127141e-09
434 8.419578e-10
435 6.354092e-10
436 4.809683e-10
437 3.621431e-10
438 2.690350e-10
439 1.958336e-10
440 1.389235e-10
441 9.570107e-11
442 6.392272e-11
443 4.140394e-11
444 2.606416e-11
445 0.000000e+00
446 0.000000e+00
447 0.000000e+00
448 0.000000e+00
449 0.000000e+00
450 1.311710e-08
451 1.022755e-08
452 7.822286e-09
453 5.819534e-09
454 4.202275e-09
455 3.013570e-09
456 2.177484e-09
457 1.579597e-09
458 1.163723e-09
459 8.689166e-10
460 6.554750e-10
461 4.962372e-10
462 3.738146e-10
463 2.779072e-10
464 2.024646e-10
465 1.437644e-10
466 9.913681e-11
467 6.627698e-11
468 4.296801e-11
469 2.706973e-11
470 0.000000e+00
471 0.000000e+00
472 0.000000e+00
473 0.000000e+00
474 0.000000e+00
475 1.274410e-08
476 9.966623e-09
477 7.642875e-09
478 5.726713e-09
479 4.173931e-09
480 2.995227e-09
481 2.160695e-09
482 1.566479e-09
483 1.148432e-09
484 8.534028e-10
485 6.408834e-10
486 4.834953e-10
487 3.635790e-10
488 2.703814e-10
489 1.974545e-10
490 1.408302e-10
491 9.771815e-11
492 6.582914e-11
493 4.303834e-11
494 2.734429e-11
495 0.000000e+00
496 0.000000e+00
497 0.000000e+00
498 0.000000e+00
499 0.000000e+00
500 1.497949e-08
501 1.178375e-08
502 9.087873e-09
503 6.857675e-09
504 5.033348e-09
505 3.614197e-09
506 2.597212e-09
507 1.877707e-09
508 1.368390e-09
509 1.011565e-09
510 7.564892e-10
511 5.696709e-10
512 4.287621e-10
513 3.199230e-10
514 2.349455e-10
515 1.687907e-10
516 1.181232e-10
517 8.030454e-11
518 5.298988e-11
519 3.396089e-11
520 0.000000e+00
521 0.000000e+00
522 0.000000e+00
523 0.000000e+00
524 0.000000e+00
525 1.650277e-08
526 1.302451e-08
527 1.007467e-08
528 7.631592e-09
529 5.620350e-09
530 4.036984e-09
531 2.896086e-09
532 2.090435e-09
533 1.518657e-09
534 1.119582e-09
535 8.355361e-10
536 6.285673e-10
537 4.732528e-10
538 3.537288e-10
539 2.605226e-10
540 1.878709e-10
541 1.320497e-10
542 9.018982e-11
543 5.979393e-11
544 3.848875e-11
545 0.000000e+00
546 0.000000e+00
547 0.000000e+00
548 0.000000e+00
549 0.000000e+00
550 1.765785e-08
551 1.396087e-08
552 1.082235e-08
553 8.216637e-09
554 6.064616e-09
555 4.357395e-09
556 3.121890e-09
557 2.251526e-09
558 1.632481e-09
559 1.201461e-09
560 8.954060e-10
561 6.731778e-10
562 5.069474e-10
563 3.793484e-10
564 2.798928e-10
565 2.023319e-10
566 1.425968e-10
567 9.768119e-11
568 6.493875e-11
569 4.191316e-11
570 0.000000e+00
571 0.000000e+00
572 0.000000e+00
573 0.000000e+00
574 0.000000e+00
575 1.859146e-08
576 1.472207e-08
577 1.142648e-08
578 8.690265e-09
579 6.424005e-09
580 4.616824e-09
581 3.304604e-09
582 2.381718e-09
583 1.724703e-09
584 1.267774e-09
585 9.439220e-10
586 7.092051e-10
587 5.341919e-10
588 4.000781e-10
589 2.955763e-10
590 2.140297e-10
591 1.511390e-10
592 1.037408e-10
593 6.910861e-11
594 4.468620e-11
595 0.000000e+00
596 0.000000e+00
597 0.000000e+00
598 0.000000e+00
599 0.000000e+00
600 1.936034e-08
601 1.534914e-08
602 1.192408e-08
603 9.080084e-09
604 6.720611e-09
605 4.830351e-09
606 3.455908e-09
607 2.489521e-09
608 1.800640e-09
609 1.322311e-09
610 9.838352e-10
611 7.389690e-10
612 5.566969e-10
613 4.171764e-10
614 3.085163e-10
615 2.236787e-10
616 1.581803e-10
617 1.087385e-10
618 7.254499e-11
619 4.697261e-11
620 0.000000e+00
621 0.000000e+00
622 0.000000e+00
623 0.000000e+00
624 0.000000e+00
625 2.004249e-08
626 1.590292e-08
627 1.236513e-08
628 9.425371e-09
629 6.982277e-09
630 5.018765e-09
631 3.589637e-09
632 2.584840e-09
633 1.868047e-09
634 1.370707e-09
635 1.019154e-09
636 7.653465e-10
637 5.766101e-10
638 4.322875e-10
639 3.199500e-10
640 2.322082e-10
641 1.644062e-10
642 1.131582e-10
643 7.558514e-11
644 4.899589e-11
645 0.000000e+00
646 0.000000e+00
647 0.000000e+00
648 0.000000e+00
649 0.000000e+00
650 2.090025e-08
651 1.660239e-08
652 1.292132e-08
653 9.861754e-09
654 7.314417e-09
655 5.258541e-09
656 3.758523e-09
657 2.705060e-09
658 1.952867e-09
659 1.431594e-09
660 1.063706e-09
661 7.985200e-10
662 6.016794e-10
663 4.513305e-10
664 3.343553e-10
665 2.429575e-10
666 1.722518e-10
667 1.187295e-10
668 7.942839e-11
669 5.155329e-11
670 0.000000e+00
671 0.000000e+00
672 0.000000e+00
673 0.000000e+00
674 0.000000e+00
675 1.847137e-08
676 1.467822e-08
677 1.141225e-08
678 8.695428e-09
679 6.459122e-09
680 4.669818e-09
681 3.340829e-09
682 2.406065e-09
683 1.740118e-09
684 1.275453e-09
685 9.463961e-10
686 7.091181e-10
687 5.329570e-10
688 3.986830e-10
689 2.946021e-10
690 2.136236e-10
691 1.512570e-10
692 1.042145e-10
693 6.975209e-11
694 4.534240e-11
695 0.000000e+00
696 0.000000e+00
697 0.000000e+00
698 0.000000e+00
699 0.000000e+00
700 2.100311e-08
701 1.679031e-08
702 1.311467e-08
703 1.004415e-08
704 7.508541e-09
705 5.452908e-09
706 3.897081e-09
707 2.799209e-09
708 2.018100e-09
709 1.471473e-09
710 1.086942e-09
711 8.117985e-10
712 6.093370e-10
713 4.562129e-10
714 3.381086e-10
715 2.463280e-10
716 1.754791e-10
717 1.217590e-10
718 8.211439e-11
719 5.378785e-11
720 0.000000e+00
721 0.000000e+00
722 0.000000e+00
723 0.000000e+00
724 0.000000e+00
725 2.292313e-08
726 1.839660e-08
727 1.441058e-08
728 1.106895e-08
729 8.305174e-09
730 6.049398e-09
731 4.319854e-09
732 3.098226e-09
733 2.229553e-09
734 1.620646e-09
735 1.193829e-09
736 8.899234e-10
737 6.674263e-10
738 4.999767e-10
739 3.711837e-10
740 2.712012e-10
741 1.938944e-10
742 1.351041e-10
743 9.151797e-11
744 6.021538e-11
745 0.000000e+00
746 0.000000e+00
747 0.000000e+00
748 0.000000e+00
749 0.000000e+00
750 2.448239e-08
751 1.969619e-08
752 1.545912e-08
753 1.189970e-08
754 8.952190e-09
755 6.532728e-09
756 4.662892e-09
757 3.340554e-09
758 2.400915e-09
759 1.741692e-09
760 1.280662e-09
761 9.531652e-10
762 7.144565e-10
763 5.354291e-10
764 3.979930e-10
765 2.913469e-10
766 2.088199e-10
767 1.459130e-10
768 9.913833e-11
769 6.542112e-11
770 0.000000e+00
771 0.000000e+00
772 0.000000e+00
773 0.000000e+00
774 0.000000e+00
775 2.577051e-08
776 2.077219e-08
777 1.632438e-08
778 1.258556e-08
779 9.485193e-09
780 6.931541e-09
781 4.946522e-09
782 3.540821e-09
783 2.542465e-09
784 1.841668e-09
785 1.352151e-09
786 1.005440e-09
787 7.533548e-10
788 5.646780e-10
789 4.201083e-10
790 3.079710e-10
791 2.211319e-10
792 1.548337e-10
793 1.054246e-10
794 6.971864e-11
795 0.000000e+00
796 0.000000e+00
797 0.000000e+00
798 0.000000e+00
799 0.000000e+00
800 2.690059e-08
801 2.171685e-08
802 1.708678e-08
803 1.318813e-08
804 9.955942e-09
805 7.283344e-09
806 5.195854e-09
807 3.717057e-09
808 2.667151e-09
809 1.929629e-09
810 1.415181e-09
811 1.051514e-09
812 7.875810e-10
813 5.904737e-10
814 4.396128e-10
815 3.226311e-10
816 2.319897e-10
817 1.626990e-10
818 1.109680e-10
819 7.350687e-11
820 0.000000e+00
821 0.000000e+00
822 0.000000e+00
823 0.000000e+00
824 0.000000e+00
825 2.832834e-08
826 2.290797e-08
827 1.804945e-08
828 1.395056e-08
829 1.054929e-08
830 7.726532e-09
831 5.510937e-09
832 3.939875e-09
833 2.824194e-09
834 2.040165e-09
835 1.494635e-09
836 1.109551e-09
837 8.307377e-10
838 6.229651e-10
839 4.641536e-10
840 3.411009e-10
841 2.456540e-10
842 1.726004e-10
843 1.179460e-10
844 7.827632e-11
845 0.000000e+00
846 0.000000e+00
847 0.000000e+00
848 0.000000e+00
849 0.000000e+00
850 2.460770e-08
851 1.986185e-08
852 1.562434e-08
853 1.204396e-08
854 9.080530e-09
855 6.655107e-09
856 4.765817e-09
857 3.407699e-09
858 2.450069e-09
859 1.772959e-09
860 1.300959e-09
861 9.658581e-10
862 7.223916e-10
863 5.405472e-10
864 4.016044e-10
865 2.941233e-10
866 2.111075e-10
867 1.478484e-10
868 1.007649e-10
869 6.674461e-11
870 0.000000e+00
871 0.000000e+00
872 0.000000e+00
873 0.000000e+00
874 0.000000e+00
875 2.744911e-08
876 2.229842e-08
877 1.762275e-08
878 1.363857e-08
879 1.033554e-08
880 7.618327e-09
881 5.466757e-09
882 3.899860e-09
883 2.798882e-09
884 2.016443e-09
885 1.473360e-09
886 1.089482e-09
887 8.128296e-10
888 6.077837e-10
889 4.520833e-10
890 3.320832e-10
891 2.394063e-10
892 1.686100e-10
893 1.156428e-10
894 7.711831e-11
895 0.000000e+00
896 0.000000e+00
897 0.000000e+00
898 0.000000e+00
899 0.000000e+00
900 2.975640e-08
901 2.427643e-08
902 1.924765e-08
903 1.493547e-08
904 1.135577e-08
905 8.401277e-09
906 6.037887e-09
907 4.299568e-09
908 3.082494e-09
909 2.214590e-09
910 1.613711e-09
911 1.190019e-09
912 8.862506e-10
913 6.624260e-10
914 4.931247e-10
915 3.629326e-10
916 2.624166e-10
917 1.854828e-10
918 1.277427e-10
919 8.555374e-11
920 0.000000e+00
921 0.000000e+00
922 0.000000e+00
923 0.000000e+00
924 0.000000e+00
925 3.165934e-08
926 2.591048e-08
927 2.058662e-08
928 1.600672e-08
929 1.219725e-08
930 9.047017e-09
931 6.508692e-09
932 4.630250e-09
933 3.316603e-09
934 2.378222e-09
935 1.729401e-09
936 1.272996e-09
937 9.469083e-10
938 7.074850e-10
939 5.269569e-10
940 3.884140e-10
941 2.814123e-10
942 1.994183e-10
943 1.377091e-10
944 9.250526e-11
945 0.000000e+00
946 0.000000e+00
947 0.000000e+00
948 0.000000e+00
949 0.000000e+00
950 3.333766e-08
951 2.734600e-08
952 2.176681e-08
953 1.694922e-08
954 1.293983e-08
955 9.616546e-09
956 6.924226e-09
957 4.921485e-09
958 3.523087e-09
959 2.522439e-09
960 1.831470e-09
961 1.346161e-09
962 1.000378e-09
963 7.472188e-10
964 5.567947e-10
965 4.107938e-10
966 2.980989e-10
967 2.116558e-10
968 1.465002e-10
969 9.863515e-11
970 0.000000e+00
971 0.000000e+00
972 0.000000e+00
973 0.000000e+00
974 0.000000e+00
975 3.546084e-08
976 2.916101e-08
977 2.325579e-08
978 1.813857e-08
979 1.387652e-08
980 1.033525e-08
981 7.447538e-09
982 5.288835e-09
983 3.782858e-09
984 2.703770e-09
985 1.960019e-09
986 1.438389e-09
987 1.067789e-09
988 7.973170e-10
989 5.943856e-10
990 4.390565e-10
991 3.191709e-10
992 2.271140e-10
993 1.575806e-10
994 1.063627e-10
995 0.000000e+00
996 0.000000e+00
997 0.000000e+00
998 0.000000e+00
999 0.000000e+00
1000 3.128086e-08
1001 2.565678e-08
1002 2.042108e-08
1003 1.589250e-08
1004 1.211884e-08
1005 9.005907e-09
1006 6.501301e-09
1007 4.628582e-09
1008 3.312142e-09
1009 2.375974e-09
1010 1.725003e-09
1011 1.267628e-09
1012 9.413483e-10
1013 7.022415e-10
1014 5.224157e-10
1015 3.847895e-10
1016 2.787853e-10
1017 1.976797e-10
1018 1.367115e-10
1019 9.200504e-11
1020 0.000000e+00
1021 0.000000e+00
1022 0.000000e+00
1023 0.000000e+00
1024 0.000000e+00
1025 3.448011e-08
1026 2.846709e-08
1027 2.277656e-08
1028 1.779360e-08
1029 1.362415e-08
1030 1.017895e-08
1031 7.379963e-09
1032 5.251287e-09
1033 3.749603e-09
1034 2.683154e-09
1035 1.939197e-09
1036 1.419096e-09
1037 1.050279e-09
1038 7.820251e-10
1039 5.817384e-10
1040 4.291737e-10
1041 3.119232e-10
1042 2.221520e-10
1043 1.544443e-10
1044 1.045611e-10
1045 0.000000e+00
1046 0.000000e+00
1047 0.000000e+00
1048 0.000000e+00
1049 0.000000e+00
1050 3.712702e-08
1051 3.079176e-08
1052 2.472087e-08
1053 1.936608e-08
1054 1.486911e-08
1055 1.114845e-08
1056 8.106675e-09
1057 5.766170e-09
1058 4.111243e-09
1059 2.937595e-09
1060 2.116280e-09
1061 1.544344e-09
1062 1.140376e-09
1063 8.480010e-10
1064 6.307518e-10
1065 4.658365e-10
1066 3.392929e-10
1067 2.423633e-10
1068 1.691031e-10
1069 1.149424e-10
1070 0.000000e+00
1071 0.000000e+00
1072 0.000000e+00
1073 0.000000e+00
1074 0.000000e+00
1075 3.945366e-08
1076 3.283678e-08
1077 2.643632e-08
1078 2.075123e-08
1079 1.596690e-08
1080 1.200321e-08
1081 8.746123e-09
1082 6.219657e-09
1083 4.429432e-09
1084 3.161367e-09
1085 2.272369e-09
1086 1.654691e-09
1087 1.219712e-09
1088 9.061376e-10
1089 6.739048e-10
1090 4.981232e-10
1091 3.633952e-10
1092 2.601618e-10
1093 1.820112e-10
1094 1.240812e-10
1095 0.000000e+00
1096 0.000000e+00
1097 0.000000e+00
1098 0.000000e+00
1099 0.000000e+00
1100 4.240102e-08
1101 3.542018e-08
1102 2.860388e-08
1103 2.250056e-08
1104 1.735222e-08
1105 1.308290e-08
1106 9.555360e-09
1107 6.793739e-09
1108 4.831890e-09
1109 3.443743e-09
1110 2.469477e-09
1111 1.794040e-09
1112 1.319942e-09
1113 9.794360e-10
1114 7.283936e-10
1115 5.388799e-10
1116 3.938171e-10
1117 2.826320e-10
1118 1.983047e-10
1119 1.356229e-10
1120 0.000000e+00
1121 0.000000e+00
1122 0.000000e+00
1123 0.000000e+00
1124 0.000000e+00
1125 3.865764e-08
1126 3.221103e-08
1127 2.596833e-08
1128 2.040209e-08
1129 1.570108e-08
1130 1.181000e-08
1131 8.624581e-09
1132 6.148396e-09
1133 4.374721e-09
1134 3.124741e-09
1135 2.244395e-09
1136 1.633083e-09
1137 1.202147e-09
1138 8.917903e-10
1139 6.624232e-10
1140 4.891384e-10
1141 3.566061e-10
1142 2.552433e-10
1143 1.786090e-10
1144 1.218505e-10
1145 0.000000e+00
1146 0.000000e+00
1147 0.000000e+00
1148 0.000000e+00
1149 0.000000e+00
1150 4.218272e-08
1151 3.538387e-08
1152 2.868066e-08
1153 2.262397e-08
1154 1.747313e-08
1155 1.320239e-08
1156 9.689912e-09
1157 6.920404e-09
1158 4.913674e-09
1159 3.504446e-09
1160 2.506768e-09
1161 1.817021e-09
1162 1.332387e-09
1163 9.856092e-10
1164 7.312008e-10
1165 5.401399e-10
1166 3.945587e-10
1167 2.833350e-10
1168 1.991319e-10
1169 1.365510e-10
1170 0.000000e+00
1171 0.000000e+00
1172 0.000000e+00
1173 0.000000e+00
1174 0.000000e+00
1175 4.529231e-08
1176 3.818183e-08
1177 3.107729e-08
1178 2.458675e-08
1179 1.903917e-08
1180 1.443256e-08
1181 1.063033e-08
1182 7.602337e-09
1183 5.389749e-09
1184 3.839987e-09
1185 2.738925e-09
1186 1.979438e-09
1187 1.447288e-09
1188 1.068561e-09
1189 7.919362e-10
1190 5.851776e-10
1191 4.280671e-10
1192 3.081355e-10
1193 2.172498e-10
1194 1.495288e-10
1195 0.000000e+00
1196 0.000000e+00
1197 0.000000e+00
1198 0.000000e+00
1199 0.000000e+00
1200 4.922223e-08
1201 4.171541e-08
1202 3.409793e-08
1203 2.706126e-08
1204 2.101354e-08
1205 1.598374e-08
1206 1.181823e-08
1207 8.463405e-09
1208 5.990325e-09
1209 4.262685e-09
1210 3.031435e-09
1211 2.184413e-09
1212 1.592355e-09
1213 1.172940e-09
1214 8.685033e-10
1215 6.419461e-10
1216 4.703035e-10
1217 3.394023e-10
1218 2.400882e-10
1219 1.658929e-10
1220 0.000000e+00
1221 0.000000e+00
1222 0.000000e+00
1223 0.000000e+00
1224 0.000000e+00
1225 4.665507e-08
1226 3.948227e-08
1227 3.225109e-08
1228 2.558873e-08
1229 1.985493e-08
1230 1.508334e-08
1231 1.114788e-08
1232 7.998608e-09
1233 5.668573e-09
1234 4.034217e-09
1235 2.873870e-09
1236 2.071754e-09
1237 1.510496e-09
1238 1.112379e-09
1239 8.230051e-10
1240 6.075807e-10
1241 4.444805e-10
1242 3.202609e-10
1243 2.262033e-10
1244 1.560851e-10
1245 0.000000e+00
1246 0.000000e+00
1247 0.000000e+00
1248 0.000000e+00
1249 0.000000e+00
1250 5.066955e-08
1251 4.317674e-08
1252 3.547657e-08
1253 2.827471e-08
1254 2.201606e-08
1255 1.679134e-08
1256 1.247205e-08
1257 8.981751e-09
1258 6.359345e-09
1259 4.517875e-09
1260 3.210320e-09
1261 2.304315e-09
1262 1.672910e-09
1263 1.227698e-09
1264 9.063193e-10
1265 6.686436e-10
1266 4.895970e-10
1267 3.535977e-10
1268 2.506333e-10
1269 1.737225e-10
1270 0.000000e+00
1271 0.000000e+00
1272 0.000000e+00
1273 0.000000e+00
1274 0.000000e+00
1275 5.574220e-08
1276 4.783577e-08
1277 3.954774e-08
1278 3.166191e-08
1279 2.474363e-08
1280 1.894763e-08
1281 1.414623e-08
1282 1.022535e-08
1283 7.232741e-09
1284 5.128696e-09
1285 3.634968e-09
1286 2.598051e-09
1287 1.878079e-09
1288 1.373312e-09
1289 1.011479e-09
1290 7.457091e-10
1291 5.465347e-10
1292 3.956678e-10
1293 2.814681e-10
1294 1.959832e-10
1295 0.000000e+00
1296 0.000000e+00
1297 0.000000e+00
1298 0.000000e+00
1299 0.000000e+00
1300 5.570381e-08
1301 4.788703e-08
1302 3.966874e-08
1303 3.182077e-08
1304 2.489696e-08
1305 1.907988e-08
1306 1.426296e-08
1307 1.033728e-08
1308 7.324810e-09
1309 5.188550e-09
1310 3.679385e-09
1311 2.625507e-09
1312 1.895472e-09
1313 1.383700e-09
1314 1.017462e-09
1315 7.491306e-10
1316 5.485586e-10
1317 3.969781e-10
1318 2.824336e-10
1319 1.967790e-10
1320 0.000000e+00
1321 0.000000e+00
1322 0.000000e+00
1323 0.000000e+00
1324 0.000000e+00
1325 6.216013e-08
1326 5.393900e-08
1327 4.506956e-08
1328 3.640655e-08
1329 2.863198e-08
1330 2.204965e-08
1331 1.658973e-08
1332 1.210184e-08
1333 8.587580e-09
1334 6.065660e-09
1335 4.292874e-09
1336 3.045442e-09
1337 2.186369e-09
1338 1.587001e-09
1339 1.161853e-09
1340 8.534223e-10
1341 6.247750e-10
1342 4.529596e-10
1343 3.234351e-10
1344 2.265007e-10
1345 0.000000e+00
1346 0.000000e+00
1347 0.000000e+00
1348 0.000000e+00
1349 0.000000e+00
1350 7.093147e-08
1351 6.238133e-08
1352 5.280354e-08
1353 4.313213e-08
1354 3.420968e-08
1355 2.652589e-08
1356 2.012298e-08
1357 1.483541e-08
1358 1.060079e-08
1359 7.467339e-09
1360 5.271037e-09
1361 3.715810e-09
1362 2.645174e-09
1363 1.902141e-09
1364 1.381332e-09
1365 1.008730e-09
1366 7.363142e-10
1367 5.338841e-10
1368 3.823381e-10
1369 2.692072e-10
1370 0.000000e+00
1371 0.000000e+00
1372 0.000000e+00
1373 0.000000e+00
1374 0.000000e+00
1375 4.083698e-07
1376 3.305815e-07
1377 2.702580e-07
1378 2.144154e-07
1379 1.571307e-07
1380 1.109044e-07
1381 7.905331e-08
1382 5.477664e-08
1383 3.891153e-08
1384 0.000000e+00
1385 0.000000e+00
1386 0.000000e+00
1387 0.000000e+00
1388 0.000000e+00
1389 0.000000e+00
1390 0.000000e+00
1391 0.000000e+00
1392 0.000000e+00
1393 0.000000e+00
1394 0.000000e+00
1395 0.000000e+00
1396 0.000000e+00
1397 0.000000e+00
1398 0.000000e+00
1399 0.000000e+00
1400 5.241585e-07
1401 4.245168e-07
1402 3.465493e-07
1403 2.750241e-07
1404 2.023693e-07
1405 1.424451e-07
1406 1.017082e-07
1407 7.064294e-08
1408 4.999419e-08
1409 0.000000e+00
1410 0.000000e+00
1411 0.000000e+00
1412 0.000000e+00
1413 0.000000e+00
1414 0.000000e+00
1415 0.000000e+00
1416 0.000000e+00
1417 0.000000e+00
1418 0.000000e+00
1419 0.000000e+00
1420 0.000000e+00
1421 0.000000e+00
1422 0.000000e+00
1423 0.000000e+00
1424 0.000000e+00
1425 6.015901e-07
1426 4.873340e-07
1427 3.975514e-07
1428 3.159417e-07
1429 2.332415e-07
1430 1.639842e-07
1431 1.171726e-07
1432 8.140905e-08
1433 5.759898e-08
1434 0.000000e+00
1435 0.000000e+00
1436 0.000000e+00
1437 0.000000e+00
1438 0.000000e+00
1439 0.000000e+00
1440 0.000000e+00
1441 0.000000e+00
1442 0.000000e+00
1443 0.000000e+00
1444 0.000000e+00
1445 0.000000e+00
1446 0.000000e+00
1447 0.000000e+00
1448 0.000000e+00
1449 0.000000e+00
1450 6.601988e-07
1451 5.348810e-07
1452 4.361553e-07
1453 3.470390e-07
1454 2.566950e-07
1455 1.803504e-07
1456 1.289190e-07
1457 8.955366e-08
1458 6.335209e-08
1459 0.000000e+00
1460 0.000000e+00
1461 0.000000e+00
1462 0.000000e+00
1463 0.000000e+00
1464 0.000000e+00
1465 0.000000e+00
1466 0.000000e+00
1467 0.000000e+00
1468 0.000000e+00
1469 0.000000e+00
1470 0.000000e+00
1471 0.000000e+00
1472 0.000000e+00
1473 0.000000e+00
1474 0.000000e+00
1475 7.055652e-07
1476 5.734352e-07
1477 4.674579e-07
1478 3.722549e-07
1479 2.757128e-07
1480 1.936212e-07
1481 1.384439e-07
1482 9.610177e-08
1483 6.797959e-08
1484 0.000000e+00
1485 0.000000e+00
1486 0.000000e+00
1487 0.000000e+00
1488 0.000000e+00
1489 0.000000e+00
1490 0.000000e+00
1491 0.000000e+00
1492 0.000000e+00
1493 0.000000e+00
1494 0.000000e+00
1495 0.000000e+00
1496 0.000000e+00
1497 0.000000e+00
1498 0.000000e+00
1499 0.000000e+00
1500 7.447310e-07
1501 6.052317e-07
1502 4.917582e-07
1503 3.930512e-07
1504 2.913971e-07
1505 2.045660e-07
1506 1.462993e-07
1507 1.015459e-07
1508 7.182521e-08
1509 0.000000e+00
1510 0.000000e+00
1511 0.000000e+00
1512 0.000000e+00
1513 0.000000e+00
1514 0.000000e+00
1515 0.000000e+00
1516 0.000000e+00
1517 0.000000e+00
1518 0.000000e+00
1519 0.000000e+00
1520 0.000000e+00
1521 0.000000e+00
1522 0.000000e+00
1523 0.000000e+00
1524 0.000000e+00
1525 7.791961e-07
1526 6.314220e-07
1527 5.144978e-07
1528 4.113780e-07
1529 3.052188e-07
1530 2.142112e-07
1531 1.537323e-07
1532 1.063434e-07
1533 7.521416e-08
1534 0.000000e+00
1535 0.000000e+00
1536 0.000000e+00
1537 0.000000e+00
1538 0.000000e+00
1539 0.000000e+00
1540 0.000000e+00
1541 0.000000e+00
1542 0.000000e+00
1543 0.000000e+00
1544 0.000000e+00
1545 0.000000e+00
1546 0.000000e+00
1547 0.000000e+00
1548 0.000000e+00
1549 0.000000e+00
1550 8.226783e-07
1551 6.666975e-07
1552 5.431366e-07
1553 4.344999e-07
1554 3.226573e-07
1555 2.263799e-07
1556 1.620320e-07
1557 1.123964e-07
1558 7.948985e-08
1559 0.000000e+00
1560 0.000000e+00
1561 0.000000e+00
1562 0.000000e+00
1563 0.000000e+00
1564 0.000000e+00
1565 0.000000e+00
1566 0.000000e+00
1567 0.000000e+00
1568 0.000000e+00
1569 0.000000e+00
1570 0.000000e+00
1571 0.000000e+00
1572 0.000000e+00
1573 0.000000e+00
1574 0.000000e+00
1575 2.220438e-07
1576 1.922498e-07
1577 1.563300e-07
1578 1.254749e-07
1579 1.038508e-07
1580 8.184552e-08
1581 5.553228e-08
1582 4.060814e-08
1583 2.762470e-08
1584 1.925139e-08
1585 1.337104e-08
1586 0.000000e+00
1587 0.000000e+00
1588 0.000000e+00
1589 0.000000e+00
1590 0.000000e+00
1591 0.000000e+00
1592 0.000000e+00
1593 0.000000e+00
1594 0.000000e+00
1595 0.000000e+00
1596 0.000000e+00
1597 0.000000e+00
1598 0.000000e+00
1599 0.000000e+00
1600 3.213045e-07
1601 2.792882e-07
1602 2.275286e-07
1603 1.825232e-07
1604 1.508858e-07
1605 1.194973e-07
1606 8.138704e-08
1607 5.922982e-08
1608 4.045794e-08
1609 2.817753e-08
1610 1.953496e-08
1611 0.000000e+00
1612 0.000000e+00
1613 0.000000e+00
1614 0.000000e+00
1615 0.000000e+00
1616 0.000000e+00
1617 0.000000e+00
1618 0.000000e+00
1619 0.000000e+00
1620 0.000000e+00
1621 0.000000e+00
1622 0.000000e+00
1623 0.000000e+00
1624 0.000000e+00
1625 3.965687e-07
1626 3.451561e-07
1627 2.814094e-07
1628 2.256956e-07
1629 1.864804e-07
1630 1.479910e-07
1631 1.009531e-07
1632 7.332212e-08
1633 5.016972e-08
1634 3.493255e-08
1635 2.419961e-08
1636 0.000000e+00
1637 0.000000e+00
1638 0.000000e+00
1639 0.000000e+00
1640 0.000000e+00
1641 0.000000e+00
1642 0.000000e+00
1643 0.000000e+00
1644 0.000000e+00
1645 0.000000e+00
1646 0.000000e+00
1647 0.000000e+00
1648 0.000000e+00
1649 0.000000e+00
1650 4.576117e-07
1651 3.985784e-07
1652 3.251096e-07
1653 2.607107e-07
1654 2.153494e-07
1655 1.711010e-07
1656 1.168223e-07
1657 8.475176e-08
1658 5.804654e-08
1659 4.041126e-08
1660 2.798291e-08
1661 0.000000e+00
1662 0.000000e+00
1663 0.000000e+00
1664 0.000000e+00
1665 0.000000e+00
1666 0.000000e+00
1667 0.000000e+00
1668 0.000000e+00
1669 0.000000e+00
1670 0.000000e+00
1671 0.000000e+00
1672 0.000000e+00
1673 0.000000e+00
1674 0.000000e+00
1675 5.079633e-07
1676 4.426439e-07
1677 3.611558e-07
1678 2.895929e-07
1679 2.391621e-07
1680 1.901633e-07
1681 1.299120e-07
1682 9.417949e-08
1683 6.454369e-08
1684 4.493036e-08
1685 3.110356e-08
1686 0.000000e+00
1687 0.000000e+00
1688 0.000000e+00
1689 0.000000e+00
1690 0.000000e+00
1691 0.000000e+00
1692 0.000000e+00
1693 0.000000e+00
1694 0.000000e+00
1695 0.000000e+00
1696 0.000000e+00
1697 0.000000e+00
1698 0.000000e+00
1699 0.000000e+00
1700 5.523125e-07
1701 4.814564e-07
1702 3.929049e-07
1703 3.150321e-07
1704 2.601361e-07
1705 2.069531e-07
1706 1.414412e-07
1707 1.024833e-07
1708 7.026634e-08
1709 4.891074e-08
1710 3.385219e-08
1711 0.000000e+00
1712 0.000000e+00
1713 0.000000e+00
1714 0.000000e+00
1715 0.000000e+00
1716 0.000000e+00
1717 0.000000e+00
1718 0.000000e+00
1719 0.000000e+00
1720 0.000000e+00
1721 0.000000e+00
1722 0.000000e+00
1723 0.000000e+00
1724 0.000000e+00
1725 6.082836e-07
1726 5.304398e-07
1727 4.329740e-07
1728 3.471378e-07
1729 2.866064e-07
1730 2.281428e-07
1731 1.559918e-07
1732 1.129633e-07
1733 7.748864e-08
1734 5.393420e-08
1735 3.732113e-08
1736 0.000000e+00
1737 0.000000e+00
1738 0.000000e+00
1739 0.000000e+00
1740 0.000000e+00
1741 0.000000e+00
1742 0.000000e+00
1743 0.000000e+00
1744 0.000000e+00
1745 0.000000e+00
1746 0.000000e+00
1747 0.000000e+00
1748 0.000000e+00
1749 0.000000e+00
1750 1.305324e-07
1751 1.221421e-07
1752 1.055187e-07
1753 8.550794e-08
1754 6.855932e-08
1755 5.690379e-08
1756 4.475701e-08
1757 2.979760e-08
1758 2.210291e-08
1759 1.463272e-08
1760 1.015930e-08
1761 6.980864e-09
1762 0.000000e+00
1763 0.000000e+00
1764 0.000000e+00
1765 0.000000e+00
1766 0.000000e+00
1767 0.000000e+00
1768 0.000000e+00
1769 0.000000e+00
1770 0.000000e+00
1771 0.000000e+00
1772 0.000000e+00
1773 0.000000e+00
1774 0.000000e+00
1775 2.101580e-07
1776 1.971342e-07
1777 1.707507e-07
1778 1.385785e-07
1779 1.110470e-07
1780 9.207328e-08
1781 7.276093e-08
1782 4.857814e-08
1783 3.588802e-08
1784 2.383117e-08
1785 1.656224e-08
1786 1.135870e-08
1787 0.000000e+00
1788 0.000000e+00
1789 0.000000e+00
1790 0.000000e+00
1791 0.000000e+00
1792 0.000000e+00
1793 0.000000e+00
1794 0.000000e+00
1795 0.000000e+00
1796 0.000000e+00
1797 0.000000e+00
1798 0.000000e+00
1799 0.000000e+00
1800 2.747556e-07
1801 2.579733e-07
1802 2.236722e-07
1803 1.816339e-07
1804 1.455166e-07
1805 1.206056e-07
1806 9.548029e-08
1807 6.381490e-08
1808 4.707173e-08
1809 3.129393e-08
1810 2.175696e-08
1811 1.491043e-08
1812 0.000000e+00
1813 0.000000e+00
1814 0.000000e+00
1815 0.000000e+00
1816 0.000000e+00
1817 0.000000e+00
1818 0.000000e+00
1819 0.000000e+00
1820 0.000000e+00
1821 0.000000e+00
1822 0.000000e+00
1823 0.000000e+00
1824 0.000000e+00
1825 3.280230e-07
1826 3.081413e-07
1827 2.673114e-07
1828 2.171375e-07
1829 1.739403e-07
1830 1.441335e-07
1831 1.142147e-07
1832 7.637910e-08
1833 5.629382e-08
1834 3.744771e-08
1835 2.604051e-08
1836 1.783917e-08
1837 0.000000e+00
1838 0.000000e+00
1839 0.000000e+00
1840 0.000000e+00
1841 0.000000e+00
1842 0.000000e+00
1843 0.000000e+00
1844 0.000000e+00
1845 0.000000e+00
1846 0.000000e+00
1847 0.000000e+00
1848 0.000000e+00
1849 0.000000e+00
1850 3.749606e-07
1851 3.523480e-07
1852 3.057651e-07
1853 2.484223e-07
1854 1.989866e-07
1855 1.648656e-07
1856 1.307230e-07
1857 8.745043e-08
1858 6.442012e-08
1859 4.287029e-08
1860 2.981510e-08
1861 2.041993e-08
1862 0.000000e+00
1863 0.000000e+00
1864 0.000000e+00
1865 0.000000e+00
1866 0.000000e+00
1867 0.000000e+00
1868 0.000000e+00
1869 0.000000e+00
1870 0.000000e+00
1871 0.000000e+00
1872 0.000000e+00
1873 0.000000e+00
1874 0.000000e+00
1875 4.341797e-07
1876 4.081215e-07
1877 3.542801e-07
1878 2.878927e-07
1879 2.305861e-07
1880 1.910222e-07
1881 1.515506e-07
1882 1.014185e-07
1883 7.467262e-08
1884 4.971166e-08
1885 3.457727e-08
1886 2.367591e-08
1887 0.000000e+00
1888 0.000000e+00
1889 0.000000e+00
1890 0.000000e+00
1891 0.000000e+00
1892 0.000000e+00
1893 0.000000e+00
1894 0.000000e+00
1895 0.000000e+00
1896 0.000000e+00
1897 0.000000e+00
1898 0.000000e+00
1899 0.000000e+00
1900 1.469334e-07
1901 1.448477e-07
1902 1.327802e-07
1903 1.123602e-07
1904 9.016671e-08
1905 7.282116e-08
1906 6.068609e-08
1907 4.543217e-08
1908 3.014935e-08
1909 2.237229e-08
1910 1.474867e-08
1911 9.963488e-09
1912 6.808633e-09
1913 0.000000e+00
1914 0.000000e+00
1915 0.000000e+00
1916 0.000000e+00
1917 0.000000e+00
1918 0.000000e+00
1919 0.000000e+00
1920 0.000000e+00
1921 0.000000e+00
1922 0.000000e+00
1923 0.000000e+00
1924 0.000000e+00
1925 1.998355e-07
1926 1.971326e-07
1927 1.808630e-07
1928 1.531708e-07
1929 1.229528e-07
1930 9.926402e-08
1931 8.272201e-08
1932 6.206445e-08
1933 4.115264e-08
1934 3.056404e-08
1935 2.012353e-08
1936 1.360365e-08
1937 9.293192e-09
1938 0.000000e+00
1939 0.000000e+00
1940 0.000000e+00
1941 0.000000e+00
1942 0.000000e+00
1943 0.000000e+00
1944 0.000000e+00
1945 0.000000e+00
1946 0.000000e+00
1947 0.000000e+00
1948 0.000000e+00
1949 0.000000e+00
1950 2.464406e-07
1951 2.431939e-07
1952 2.232226e-07
1953 1.891237e-07
1954 1.518364e-07
1955 1.225594e-07
1956 1.021350e-07
1957 7.671705e-08
1958 5.084623e-08
1959 3.778075e-08
1960 2.485864e-08
1961 1.681054e-08
1962 1.148202e-08
1963 0.000000e+00
1964 0.000000e+00
1965 0.000000e+00
1966 0.000000e+00
1967 0.000000e+00
1968 0.000000e+00
1969 0.000000e+00
1970 0.000000e+00
1971 0.000000e+00
1972 0.000000e+00
1973 0.000000e+00
1974 0.000000e+00
1975 3.052463e-07
1976 3.013136e-07
1977 2.766713e-07
1978 2.344887e-07
1979 1.882813e-07
1980 1.519532e-07
1981 1.266301e-07
1982 9.520548e-08
1983 6.307746e-08
1984 4.688669e-08
1985 3.083332e-08
1986 2.085694e-08
1987 1.424385e-08
1988 0.000000e+00
1989 0.000000e+00
1990 0.000000e+00
1991 0.000000e+00
1992 0.000000e+00
1993 0.000000e+00
1994 0.000000e+00
1995 0.000000e+00
1996 0.000000e+00
1997 0.000000e+00
1998 0.000000e+00
1999 0.000000e+00
2000 1.085199e-07
2001 1.106686e-07
2002 1.059613e-07
2003 9.376755e-08
2004 7.706336e-08
2005 6.151387e-08
2006 5.057119e-08
2007 4.135770e-08
2008 2.823488e-08
2009 2.008817e-08
2010 1.361177e-08
2011 9.399620e-09
2012 6.246395e-09
2013 0.000000e+00
2014 0.000000e+00
2015 0.000000e+00
2016 0.000000e+00
2017 0.000000e+00
2018 0.000000e+00
2019 0.000000e+00
2020 0.000000e+00
2021 0.000000e+00
2022 0.000000e+00
2023 0.000000e+00
2024 0.000000e+00
2025 1.535854e-07
2026 1.567054e-07
2027 1.501405e-07
2028 1.329651e-07
2029 1.093388e-07
2030 8.727555e-08
2031 7.172138e-08
2032 5.870232e-08
2033 4.014642e-08
2034 2.850516e-08
2035 1.935916e-08
2036 1.335880e-08
2037 8.873158e-09
2038 0.000000e+00
2039 0.000000e+00
2040 0.000000e+00
2041 0.000000e+00
2042 0.000000e+00
2043 0.000000e+00
2044 0.000000e+00
2045 0.000000e+00
2046 0.000000e+00
2047 0.000000e+00
2048 0.000000e+00
2049 0.000000e+00
2050 2.104486e-07
2051 2.147944e-07
2052 2.058856e-07
2053 1.824244e-07
2054 1.500637e-07
2055 1.197815e-07
2056 9.840857e-08
2057 8.058766e-08
2058 5.517635e-08
2059 3.912567e-08
2060 2.661120e-08
2061 1.835447e-08
2062 1.218760e-08
2063 0.000000e+00
2064 0.000000e+00
2065 0.000000e+00
2066 0.000000e+00
2067 0.000000e+00
2068 0.000000e+00
2069 0.000000e+00
2070 0.000000e+00
2071 0.000000e+00
2072 0.000000e+00
2073 0.000000e+00
2074 0.000000e+00
2075 8.620511e-08
2076 9.009601e-08
2077 8.912982e-08
2078 8.201766e-08
2079 6.961175e-08
2080 5.589305e-08
2081 4.507006e-08
2082 3.761896e-08
2083 2.836446e-08
2084 1.861047e-08
2085 1.388437e-08
2086 8.983558e-09
2087 5.973876e-09
2088 3.996842e-09
2089 0.000000e+00
2090 0.000000e+00
2091 0.000000e+00
2092 0.000000e+00
2093 0.000000e+00
2094 0.000000e+00
2095 0.000000e+00
2096 0.000000e+00
2097 0.000000e+00
2098 0.000000e+00
2099 0.000000e+00
2100 1.402856e-07
2101 1.466836e-07
2102 1.451984e-07
2103 1.337144e-07
2104 1.135716e-07
2105 9.121560e-08
2106 7.352935e-08
2107 6.137000e-08
2108 4.636473e-08
2109 3.040170e-08
2110 2.269710e-08
2111 1.466853e-08
2112 9.762197e-09
2113 6.529408e-09
2114 0.000000e+00
2115 0.000000e+00
2116 0.000000e+00
2117 0.000000e+00
2118 0.000000e+00
2119 0.000000e+00
2120 0.000000e+00
2121 0.000000e+00
2122 0.000000e+00
2123 0.000000e+00
2124 0.000000e+00
2125 8.831333e-08
2126 9.405080e-08
2127 9.540821e-08
2128 9.067740e-08
2129 7.954519e-08
2130 6.496412e-08
2131 5.187943e-08
2132 4.286633e-08
2133 3.468854e-08
2134 2.313172e-08
2135 1.681176e-08
2136 1.099248e-08
2137 7.555552e-09
2138 4.952094e-09
2139 0.000000e+00
2140 0.000000e+00
2141 0.000000e+00
2142 0.000000e+00
2143 0.000000e+00
2144 0.000000e+00
2145 0.000000e+00
2146 0.000000e+00
2147 0.000000e+00
2148 0.000000e+00
2149 0.000000e+00
2150 4.824524e-08
2151 5.215014e-08
2152 5.395555e-08
2153 5.263877e-08
2154 4.759635e-08
2155 3.975795e-08
2156 3.176657e-08
2157 2.583617e-08
2158 2.151270e-08
2159 1.542398e-08
2160 1.037234e-08
2161 7.438115e-09
2162 4.938706e-09
2163 3.193901e-09
2164 0.000000e+00
2165 0.000000e+00
2166 0.000000e+00
2167 0.000000e+00
2168 0.000000e+00
2169 0.000000e+00
2170 0.000000e+00
2171 0.000000e+00
2172 0.000000e+00
2173 0.000000e+00
2174 0.000000e+00
2175 3.255787e-05
2176 2.634812e-05
2177 2.148380e-05
2178 1.721660e-05
2179 1.271915e-05
2180 8.919087e-06
2181 6.391021e-06
2182 4.424762e-06
2183 3.131724e-06
2184 0.000000e+00
2185 0.000000e+00
2186 0.000000e+00
2187 0.000000e+00
2188 0.000000e+00
2189 0.000000e+00
2190 0.000000e+00
2191 0.000000e+00
2192 0.000000e+00
2193 0.000000e+00
2194 0.000000e+00
2195 0.000000e+00
2196 0.000000e+00
2197 0.000000e+00
2198 0.000000e+00
2199 0.000000e+00
2200 2.351198e-05
2201 2.050329e-05
2202 1.672630e-05
2203 1.340194e-05
2204 1.107208e-05
2205 8.832197e-06
2206 6.012007e-06
2207 4.372311e-06
2208 2.984086e-06
2209 2.083000e-06
2210 1.441337e-06
2211 0.000000e+00
2212 0.000000e+00
2213 0.000000e+00
2214 0.000000e+00
2215 0.000000e+00
2216 0.000000e+00
2217 0.000000e+00
2218 0.000000e+00
2219 0.000000e+00
2220 0.000000e+00
2221 0.000000e+00
2222 0.000000e+00
2223 0.000000e+00
2224 0.000000e+00
2225 1.708338e-05
2226 1.606407e-05
2227 1.394627e-05
2228 1.133063e-05
2229 9.071899e-06
2230 7.517845e-06
2231 5.973271e-06
2232 3.986361e-06
2233 2.943971e-06
2234 1.952172e-06
2235 1.360310e-06
2236 9.315654e-07
2237 0.000000e+00
2238 0.000000e+00
2239 0.000000e+00
2240 0.000000e+00
2241 0.000000e+00
2242 0.000000e+00
2243 0.000000e+00
2244 0.000000e+00
2245 0.000000e+00
2246 0.000000e+00
2247 0.000000e+00
2248 0.000000e+00
2249 0.000000e+00
2250 1.236010e-05
2251 1.220591e-05
2252 1.121207e-05
2253 9.504506e-06
2254 7.630390e-06
2255 6.156400e-06
2256 5.133362e-06
2257 3.863202e-06
2258 2.553757e-06
2259 1.903777e-06
2260 1.249442e-06
2261 8.444990e-07
2262 5.770313e-07
2263 0.000000e+00
2264 0.000000e+00
2265 0.000000e+00
2266 0.000000e+00
2267 0.000000e+00
2268 0.000000e+00
2269 0.000000e+00
2270 0.000000e+00
2271 0.000000e+00
2272 0.000000e+00
2273 0.000000e+00
2274 0.000000e+00
2275 9.107233e-06
2276 9.299084e-06
2277 8.917896e-06
2278 7.905490e-06
2279 6.504410e-06
2280 5.190860e-06
2281 4.263803e-06
2282 3.495575e-06
2283 2.393651e-06
2284 1.696026e-06
2285 1.153963e-06
2286 7.969665e-07
2287 5.289150e-07
2288 0.000000e+00
2289 0.000000e+00
2290 0.000000e+00
2291 0.000000e+00
2292 0.000000e+00
2293 0.000000e+00
2294 0.000000e+00
2295 0.000000e+00
2296 0.000000e+00
2297 0.000000e+00
2298 0.000000e+00
2299 0.000000e+00
2300 6.847500e-06
2301 7.162816e-06
2302 7.094182e-06
2303 6.537322e-06
2304 5.555445e-06
2305 4.462277e-06
2306 3.595866e-06
2307 3.001951e-06
2308 2.271860e-06
2309 1.487295e-06
2310 1.112680e-06
2311 7.176730e-07
2312 4.776155e-07
2313 3.194967e-07
2314 0.000000e+00
2315 0.000000e+00
2316 0.000000e+00
2317 0.000000e+00
2318 0.000000e+00
2319 0.000000e+00
2320 0.000000e+00
2321 0.000000e+00
2322 0.000000e+00
2323 0.000000e+00
2324 0.000000e+00
2325 5.214304e-06
2326 5.555461e-06
2327 5.638818e-06
2328 5.363118e-06
2329 4.708195e-06
2330 3.846730e-06
2331 3.071357e-06
2332 2.536973e-06
2333 2.055946e-06
2334 1.371930e-06
2335 9.959577e-07
2336 6.516934e-07
2337 4.484194e-07
2338 2.937580e-07
2339 0.000000e+00
2340 0.000000e+00
2341 0.000000e+00
2342 0.000000e+00
2343 0.000000e+00
2344 0.000000e+00
2345 0.000000e+00
2346 0.000000e+00
2347 0.000000e+00
2348 0.000000e+00
2349 0.000000e+00
2350 3.615496e-06
2351 3.910135e-06
2352 4.048210e-06
2353 3.952923e-06
2354 3.577988e-06
2355 2.991236e-06
2356 2.390238e-06
2357 1.942933e-06
2358 1.618836e-06
2359 1.163866e-06
2360 7.805680e-07
2361 5.616912e-07
2362 3.721719e-07
2363 2.406034e-07
2364 0.000000e+00
2365 0.000000e+00
2366 0.000000e+00
2367 0.000000e+00
2368 0.000000e+00
2369 0.000000e+00
2370 0.000000e+00
2371 0.000000e+00
2372 0.000000e+00
2373 0.000000e+00
2374 0.000000e+00
2375 2.061844e-06
2376 2.262527e-06
2377 2.387248e-06
2378 2.391006e-06
2379 2.234327e-06
2380 1.924662e-06
2381 1.555187e-06
2382 1.246959e-06
2383 1.038796e-06
2384 8.121985e-07
2385 5.278298e-07
2386 3.948496e-07
2387 2.492243e-07
2388 1.663447e-07
2389 1.080538e-07
2390 0.000000e+00
2391 0.000000e+00
2392 0.000000e+00
2393 0.000000e+00
2394 0.000000e+00
2395 0.000000e+00
2396 0.000000e+00
2397 0.000000e+00
2398 0.000000e+00
2399 0.000000e+00
2400 8.947180e-07
2401 9.950703e-07
2402 1.068141e-06
2403 1.094628e-06
2404 1.054128e-06
2405 9.384310e-07
2406 7.742341e-07
2407 6.177777e-07
2408 5.068014e-07
2409 4.174227e-07
2410 2.862580e-07
2411 2.000810e-07
2412 1.353100e-07
2413 9.148846e-08
2414 5.836416e-08
2415 0.000000e+00
2416 0.000000e+00
2417 0.000000e+00
2418 0.000000e+00
2419 0.000000e+00
2420 0.000000e+00
2421 0.000000e+00
2422 0.000000e+00
2423 0.000000e+00
2424 0.000000e+00
2425 7.881846e+02
2426 3.042855e+02
2427 3.250793e+01
2428 8.934086e+00
2429 6.875615e+02
2430 2.267549e+02
2431 1.936745e+01
2432 4.400336e+00
2433 4.639349e+02
2434 1.294362e+02
2435 8.697186e+00
2436 1.623123e+00
2437 2.623568e+02
2438 6.153555e+01
2439 3.215725e+00
2440 4.917282e-01
2441 1.634578e-08
2442 1.231423e-08
2443 9.082623e-09
2444 6.447240e-09
2445 4.505871e-09
2446 2.077672e-08
2447 1.550373e-08
2448 1.111177e-08
2449 7.769095e-09
2450 5.386103e-09
2451 2.690782e-08
2452 1.947982e-08
2453 1.365897e-08
2454 9.473984e-09
2455 6.449280e-09
2456 3.170642e-08
2457 2.249633e-08
2458 1.563077e-08
2459 1.077141e-08
2460 7.254044e-09
2461 2.113864e-08
2462 1.591614e-08
2463 1.175904e-08
2464 8.350715e-09
2465 5.836783e-09
2466 2.684811e-08
2467 2.005448e-08
2468 1.439356e-08
2469 1.006059e-08
2470 6.979239e-09
2471 3.477909e-08
2472 2.522947e-08
2473 1.768645e-08
2474 1.227451e-08
2475 8.358209e-09
2476 4.101505e-08
2477 2.913953e-08
2478 2.023827e-08
2479 1.395794e-08
2480 9.402395e-09
2481 2.476629e-08
2482 1.864239e-08
2483 1.378478e-08
2484 9.791424e-09
2485 6.844128e-09
2486 3.144348e-08
2487 2.349889e-08
2488 1.687750e-08
2489 1.179498e-08
2490 8.185075e-09
2491 4.073675e-08
2492 2.958129e-08
2493 2.073478e-08
2494 1.439420e-08
2495 9.803085e-09
2496 4.806063e-08
2497 3.416767e-08
2498 2.372563e-08
2499 1.636981e-08
2500 1.102850e-08
2501 2.770806e-08
2502 2.085317e-08
2503 1.542761e-08
2504 1.095986e-08
2505 7.661112e-09
2506 3.516999e-08
2507 2.629207e-08
2508 1.889199e-08
2509 1.320159e-08
2510 9.163031e-09
2511 4.556799e-08
2512 3.311063e-08
2513 2.320700e-08
2514 1.611332e-08
2515 1.097490e-08
2516 5.377415e-08
2517 3.824555e-08
2518 2.655388e-08
2519 1.832588e-08
2520 1.234729e-08
2521 3.013461e-08
2522 2.267674e-08
2523 1.678273e-08
2524 1.192363e-08
2525 8.334980e-09
2526 3.824368e-08
2527 2.859617e-08
2528 2.055363e-08
2529 1.436182e-08
2530 9.969671e-09
2531 4.955306e-08
2532 3.602179e-08
2533 2.524619e-08
2534 1.753128e-08
2535 1.194143e-08
2536 5.848724e-08
2537 4.160914e-08
2538 2.888675e-08
2539 1.993929e-08
2540 1.343505e-08
2541 3.227237e-08
2542 2.428330e-08
2543 1.797650e-08
2544 1.277264e-08
2545 8.928613e-09
2546 4.095168e-08
2547 3.062595e-08
2548 2.201742e-08
2549 1.538390e-08
2550 1.068027e-08
2551 5.306387e-08
2552 3.858633e-08
2553 2.704258e-08
2554 1.878042e-08
2555 1.279288e-08
2556 6.263918e-08
2557 4.457223e-08
2558 3.094185e-08
2559 2.136060e-08
2560 1.439329e-08
2561 3.497013e-08
2562 2.631071e-08
2563 1.948299e-08
2564 1.384407e-08
2565 9.677756e-09
2566 4.436908e-08
2567 3.318745e-08
2568 2.386467e-08
2569 1.667373e-08
2570 1.157701e-08
2571 5.749437e-08
2572 4.182268e-08
2573 2.930957e-08
2574 2.035678e-08
2575 1.386738e-08
2576 6.787876e-08
2577 4.831155e-08
2578 3.353532e-08
2579 2.315424e-08
2580 1.560256e-08
2581 1.313077e-08
2582 9.524343e-09
2583 7.088395e-09
2584 5.275269e-09
2585 3.733543e-09
2586 1.611364e-08
2587 1.186401e-08
2588 8.887533e-09
2589 6.417026e-09
2590 4.435016e-09
2591 2.034939e-08
2592 1.527289e-08
2593 1.120604e-08
2594 7.800263e-09
2595 5.384084e-09
2596 2.399428e-08
2597 1.797646e-08
2598 1.285505e-08
2599 8.831013e-09
2600 6.098700e-09
2601 1.857654e-08
2602 1.346355e-08
2603 1.000697e-08
2604 7.458904e-09
2605 5.282684e-09
2606 2.278731e-08
2607 1.674900e-08
2608 1.255209e-08
2609 9.079610e-09
2610 6.272499e-09
2611 2.874166e-08
2612 2.155026e-08
2613 1.585008e-08
2614 1.103245e-08
2615 7.616497e-09
2616 3.385327e-08
2617 2.538114e-08
2618 1.818949e-08
2619 1.248511e-08
2620 8.628846e-09
2621 2.299350e-08
2622 1.665856e-08
2623 1.237418e-08
2624 9.230009e-09
2625 6.539164e-09
2626 2.820020e-08
2627 2.071112e-08
2628 1.552434e-08
2629 1.123918e-08
2630 7.762848e-09
2631 3.554848e-08
2632 2.664172e-08
2633 1.961678e-08
2634 1.365402e-08
2635 9.427166e-09
2636 4.184972e-08
2637 3.138695e-08
2638 2.251615e-08
2639 1.544889e-08
2640 1.068100e-08
2641 2.663615e-08
2642 1.929348e-08
2643 1.432641e-08
2644 1.069063e-08
2645 7.575377e-09
2646 3.266420e-08
2647 2.397867e-08
2648 1.797555e-08
2649 1.302017e-08
2650 8.991932e-09
2651 4.116204e-08
2652 3.084065e-08
2653 2.272315e-08
2654 1.581601e-08
2655 1.092042e-08
2656 4.844438e-08
2657 3.633992e-08
2658 2.608433e-08
2659 1.789310e-08
2660 1.237340e-08
2661 2.984523e-08
2662 2.161477e-08
2663 1.604627e-08
2664 1.197741e-08
2665 8.488255e-09
2666 3.659685e-08
2667 2.685729e-08
2668 2.013499e-08
2669 1.458918e-08
2670 1.007472e-08
2671 4.610743e-08
2672 3.453976e-08
2673 2.545979e-08
2674 1.772067e-08
2675 1.223593e-08
2676 5.425407e-08
2677 4.070334e-08
2678 2.922781e-08
2679 2.004639e-08
2680 1.386437e-08
2681 3.389468e-08
2682 2.454395e-08
2683 1.821652e-08
2684 1.360115e-08
2685 9.640190e-09
2686 4.155937e-08
2687 3.048975e-08
2688 2.285994e-08
2689 1.656907e-08
2690 1.144107e-08
2691 5.234789e-08
2692 3.920760e-08
2693 2.891308e-08
2694 2.012412e-08
2695 1.389595e-08
2696 6.158519e-08
2697 4.620944e-08
2698 3.319448e-08
2699 2.276357e-08
2700 1.574577e-08
2701 1.092728e-08
2702 7.927318e-09
2703 5.672763e-09
2704 4.202289e-09
2705 3.098730e-09
2706 1.340553e-08
2707 9.547343e-09
2708 6.971975e-09
2709 5.199537e-09
2710 3.713616e-09
2711 1.654650e-08
2712 1.188615e-08
2713 8.903876e-09
2714 6.472373e-09
2715 4.473792e-09
2716 1.889415e-08
2717 1.386793e-08
2718 1.037906e-08
2719 7.338496e-09
2720 5.017377e-09
2721 1.684264e-08
2722 1.223288e-08
2723 8.747487e-09
2724 6.469843e-09
2725 4.777695e-09
2726 2.067490e-08
2727 1.472804e-08
2728 1.073632e-08
2729 8.006429e-09
2730 5.730553e-09
2731 2.552823e-08
2732 1.831452e-08
2733 1.369953e-08
2734 9.980725e-09
2735 6.900844e-09
2736 2.913956e-08
2737 2.134356e-08
2738 1.597450e-08
2739 1.132310e-08
2740 7.733836e-09
2741 2.172142e-08
2742 1.578396e-08
2743 1.128341e-08
2744 8.340034e-09
2745 6.162445e-09
2746 2.667042e-08
2747 1.900090e-08
2748 1.384101e-08
2749 1.032145e-08
2750 7.394052e-09
2751 3.293604e-08
2752 2.361639e-08
2753 1.765480e-08
2754 1.287429e-08
2755 8.902589e-09
2756 3.758961e-08
2757 2.750918e-08
2758 2.058939e-08
2759 1.460946e-08
2760 9.974271e-09
2761 2.601990e-08
2762 1.891266e-08
2763 1.351770e-08
2764 9.987787e-09
2765 7.382491e-09
2766 3.195283e-08
2767 2.276553e-08
2768 1.657643e-08
2769 1.236112e-08
2770 8.859691e-09
2771 3.946275e-08
2772 2.828766e-08
2773 2.113963e-08
2774 1.542369e-08
2775 1.066624e-08
2776 4.503460e-08
2777 3.294146e-08
2778 2.465540e-08
2779 1.750494e-08
2780 1.194823e-08
2781 3.144333e-08
2782 2.286017e-08
2783 1.633673e-08
2784 1.206676e-08
2785 8.921830e-09
2786 3.861767e-08
2787 2.751540e-08
2788 2.002773e-08
2789 1.493458e-08
2790 1.070890e-08
2791 4.769755e-08
2792 3.418143e-08
2793 2.553646e-08
2794 1.864028e-08
2795 1.289146e-08
2796 5.442799e-08
2797 3.979539e-08
2798 2.978550e-08
2799 2.115818e-08
2800 1.443878e-08
2801 9.675313e-09
2802 7.294201e-09
2803 5.149522e-09
2804 3.634034e-09
2805 2.723152e-09
2806 1.208835e-08
2807 8.736428e-09
2808 6.080942e-09
2809 4.445207e-09
2810 3.329585e-09
2811 1.515288e-08
2812 1.055588e-08
2813 7.494680e-09
2814 5.685219e-09
2815 4.039019e-09
2816 1.718173e-08
2817 1.188329e-08
2818 8.706543e-09
2819 6.569646e-09
2820 4.476422e-09
2821 1.562854e-08
2822 1.179459e-08
2823 8.329746e-09
2824 5.873853e-09
2825 4.396324e-09
2826 1.953648e-08
2827 1.412958e-08
2828 9.830986e-09
2829 7.177388e-09
2830 5.375471e-09
2831 2.450423e-08
2832 1.706894e-08
2833 1.210394e-08
2834 9.174117e-09
2835 6.527968e-09
2836 2.778781e-08
2837 1.920370e-08
2838 1.405035e-08
2839 1.060363e-08
2840 7.238644e-09
2841 2.087394e-08
2842 1.575988e-08
2843 1.113185e-08
2844 7.847361e-09
2845 5.870558e-09
2846 2.609904e-08
2847 1.888150e-08
2848 1.313516e-08
2849 9.584716e-09
2850 7.178102e-09
2851 3.274373e-08
2852 2.280760e-08
2853 1.616517e-08
2854 1.224819e-08
2855 8.720985e-09
2856 3.713285e-08
2857 2.565371e-08
2858 1.875878e-08
2859 1.415797e-08
2860 9.672442e-09
2861 2.749236e-08
2862 2.076312e-08
2863 1.466742e-08
2864 1.033745e-08
2865 7.730681e-09
2866 3.437938e-08
2867 2.487727e-08
2868 1.730421e-08
2869 1.262218e-08
2870 9.452583e-09
2871 4.313997e-08
2872 3.004840e-08
2873 2.128945e-08
2874 1.612691e-08
2875 1.148804e-08
2876 4.892402e-08
2877 3.379206e-08
2878 2.469967e-08
2879 1.864269e-08
2880 1.274330e-08
