0 7.881846e+02
1 3.042855e+02
2 3.250793e+01
3 8.934086e+00
4 6.875615e+02
5 2.267549e+02
6 1.936745e+01
7 4.400336e+00
8 4.639349e+02
9 1.294362e+02
10 8.697186e+00
11 1.623123e+00
12 2.623568e+02
13 6.153555e+01
14 3.215725e+00
15 4.917282e-01
16 1.623355e-08
17 1.222985e-08
18 9.019979e-09
19 6.402698e-09
20 4.474728e-09
21 2.063449e-08
22 1.539717e-08
23 1.103498e-08
24 7.715467e-09
25 5.348828e-09
26 2.672343e-08
27 1.934527e-08
28 1.356471e-08
29 9.408457e-09
30 6.404621e-09
31 3.148844e-08
32 2.234088e-08
33 1.552293e-08
34 1.069686e-08
35 7.203787e-09
36 2.101177e-08
37 1.582080e-08
38 1.168819e-08
39 8.300327e-09
40 5.801552e-09
41 2.668741e-08
42 1.993402e-08
43 1.430669e-08
44 9.999928e-09
45 6.937067e-09
46 3.457073e-08
47 2.507727e-08
48 1.757983e-08
49 1.220038e-08
50 8.307677e-09
51 4.076865e-08
52 2.896368e-08
53 2.011631e-08
54 1.387359e-08
55 9.345525e-09
56 2.464981e-08
57 1.855485e-08
58 1.371974e-08
59 9.745168e-09
60 6.811786e-09
61 3.129593e-08
62 2.338829e-08
63 1.679775e-08
64 1.173929e-08
65 8.146356e-09
66 4.054546e-08
67 2.944157e-08
68 2.063691e-08
69 1.432614e-08
70 9.756692e-09
71 4.783441e-08
72 3.400623e-08
73 2.361366e-08
74 1.629237e-08
75 1.097629e-08
76 2.761640e-08
77 2.078428e-08
78 1.537642e-08
79 1.092345e-08
80 7.635656e-09
81 3.505387e-08
82 2.620502e-08
83 1.882922e-08
84 1.315776e-08
85 9.132559e-09
86 4.541745e-08
87 3.300066e-08
88 2.312997e-08
89 1.605975e-08
90 1.093838e-08
91 5.359611e-08
92 3.811848e-08
93 2.646575e-08
94 1.826494e-08
95 1.230619e-08
96 3.003822e-08
97 2.260430e-08
98 1.672890e-08
99 1.188534e-08
100 8.308213e-09
101 3.812159e-08
102 2.850466e-08
103 2.048763e-08
104 1.431573e-08
105 9.937629e-09
106 4.939476e-08
107 3.590615e-08
108 2.516519e-08
109 1.747496e-08
110 1.190304e-08
111 5.830004e-08
112 4.147553e-08
113 2.879408e-08
114 1.987521e-08
115 1.339184e-08
116 3.213049e-08
117 2.417667e-08
118 1.789727e-08
119 1.271630e-08
120 8.889216e-09
121 4.077196e-08
122 3.049124e-08
123 2.192028e-08
124 1.531607e-08
125 1.063311e-08
126 5.283087e-08
127 3.841613e-08
128 2.692336e-08
129 1.869752e-08
130 1.273637e-08
131 6.236363e-08
132 4.437559e-08
133 3.080546e-08
134 2.126628e-08
135 1.432969e-08
136 3.482721e-08
137 2.620330e-08
138 1.940318e-08
139 1.378731e-08
140 9.638070e-09
141 4.418804e-08
142 3.305175e-08
143 2.376681e-08
144 1.660540e-08
145 1.152951e-08
146 5.725966e-08
147 4.165124e-08
148 2.918947e-08
149 2.027327e-08
150 1.381046e-08
151 6.760119e-08
152 4.811346e-08
153 3.339793e-08
154 2.305922e-08
155 1.553850e-08
156 1.295873e-08
157 9.399768e-09
158 6.995936e-09
159 5.206216e-09
160 3.684605e-09
161 1.590270e-08
162 1.170926e-08
163 8.771490e-09
164 6.332905e-09
165 4.376945e-09
166 2.008370e-08
167 1.507387e-08
168 1.105926e-08
169 7.698115e-09
170 5.313541e-09
171 2.368170e-08
172 1.774188e-08
173 1.268654e-08
174 8.715471e-09
175 6.018759e-09
176 1.840221e-08
177 1.333745e-08
178 9.913546e-09
179 7.389002e-09
180 5.233094e-09
181 2.257368e-08
182 1.659262e-08
183 1.243478e-08
184 8.994376e-09
185 6.213678e-09
186 2.847301e-08
187 2.134931e-08
188 1.570142e-08
189 1.092898e-08
190 7.545034e-09
191 3.353767e-08
192 2.514411e-08
193 1.801872e-08
194 1.236814e-08
195 8.547852e-09
196 2.285563e-08
197 1.655883e-08
198 1.230029e-08
199 9.174724e-09
200 6.499943e-09
201 2.803124e-08
202 2.058744e-08
203 1.543156e-08
204 1.117177e-08
205 7.716326e-09
206 3.533600e-08
207 2.648279e-08
208 1.949920e-08
209 1.357218e-08
210 9.370646e-09
211 4.160011e-08
212 3.119947e-08
213 2.238109e-08
214 1.535638e-08
215 1.061694e-08
216 2.649142e-08
217 1.918879e-08
218 1.424884e-08
219 1.063260e-08
220 7.534206e-09
221 3.248683e-08
222 2.384884e-08
223 1.787816e-08
224 1.294941e-08
225 8.943098e-09
226 4.093900e-08
227 3.067381e-08
228 2.259973e-08
229 1.573011e-08
230 1.086109e-08
231 4.818235e-08
232 3.614312e-08
233 2.594256e-08
234 1.779599e-08
235 1.230616e-08
236 2.963167e-08
237 2.146030e-08
238 1.593182e-08
239 1.189177e-08
240 8.427503e-09
241 3.633514e-08
242 2.666573e-08
243 1.999129e-08
244 1.448476e-08
245 1.000266e-08
246 4.577832e-08
247 3.429360e-08
248 2.527767e-08
249 1.759392e-08
250 1.214839e-08
251 5.386745e-08
252 4.041296e-08
253 2.901861e-08
254 1.990309e-08
255 1.376514e-08
256 3.368020e-08
257 2.438881e-08
258 1.810157e-08
259 1.351515e-08
260 9.579176e-09
261 4.129652e-08
262 3.029735e-08
263 2.271561e-08
264 1.646420e-08
265 1.136870e-08
266 5.201736e-08
267 3.896036e-08
268 2.873018e-08
269 1.999681e-08
270 1.380802e-08
271 6.119689e-08
272 4.591780e-08
273 3.298438e-08
274 2.261965e-08
275 1.564612e-08
276 1.073911e-08
277 7.790738e-09
278 5.575063e-09
279 4.129962e-09
280 3.045355e-09
281 1.317462e-08
282 9.382882e-09
283 6.851974e-09
284 5.110029e-09
285 3.649629e-09
286 1.626145e-08
287 1.168152e-08
288 8.750668e-09
289 6.360875e-09
290 4.396727e-09
291 1.856873e-08
292 1.362931e-08
293 1.020042e-08
294 7.212055e-09
295 4.930971e-09
296 1.665858e-08
297 1.209891e-08
298 8.651815e-09
299 6.399284e-09
300 4.725453e-09
301 2.044872e-08
302 1.456684e-08
303 1.061919e-08
304 7.919088e-09
305 5.667796e-09
306 2.524876e-08
307 1.811449e-08
308 1.355030e-08
309 9.871561e-09
310 6.825326e-09
311 2.882077e-08
312 2.111094e-08
313 1.580038e-08
314 1.119912e-08
315 7.649311e-09
316 2.152795e-08
317 1.564314e-08
318 1.118285e-08
319 8.265873e-09
320 6.107533e-09
321 2.643267e-08
322 1.883146e-08
323 1.371790e-08
324 1.022965e-08
325 7.328085e-09
326 3.264228e-08
327 2.340615e-08
328 1.749795e-08
329 1.275954e-08
330 8.823210e-09
331 3.725452e-08
332 2.726468e-08
333 2.040639e-08
334 1.447914e-08
335 9.885427e-09
336 2.573388e-08
337 1.870448e-08
338 1.336903e-08
339 9.878144e-09
340 7.301309e-09
341 3.160134e-08
342 2.251503e-08
343 1.639442e-08
344 1.222540e-08
345 8.762167e-09
346 3.902847e-08
347 2.797684e-08
348 2.090775e-08
349 1.525405e-08
350 1.054889e-08
351 4.453921e-08
352 3.257999e-08
353 2.438485e-08
354 1.731227e-08
355 1.181688e-08
356 3.115601e-08
357 2.265104e-08
358 1.618739e-08
359 1.195663e-08
360 8.840280e-09
361 3.826459e-08
362 2.726376e-08
363 1.984489e-08
364 1.479825e-08
365 1.061093e-08
366 4.726129e-08
367 3.386919e-08
368 2.530353e-08
369 1.846987e-08
370 1.277357e-08
371 5.393036e-08
372 3.943229e-08
373 2.951373e-08
374 2.096464e-08
375 1.430684e-08
376 9.502122e-09
377 7.163666e-09
378 5.057416e-09
379 3.569038e-09
380 2.674420e-09
381 1.187198e-08
382 8.580118e-09
383 5.972195e-09
384 4.365674e-09
385 3.269992e-09
386 1.488170e-08
387 1.036708e-08
388 7.360636e-09
389 5.583449e-09
390 3.966746e-09
391 1.687430e-08
392 1.167080e-08
393 8.550767e-09
394 6.452027e-09
395 4.396342e-09
396 1.539275e-08
397 1.161634e-08
398 8.203789e-09
399 5.785142e-09
400 4.330054e-09
401 1.924149e-08
402 1.391598e-08
403 9.682459e-09
404 7.069174e-09
405 5.294439e-09
406 2.413386e-08
407 1.681098e-08
408 1.192138e-08
409 9.035930e-09
410 6.429389e-09
411 2.736774e-08
412 1.891376e-08
413 1.383869e-08
414 1.044385e-08
415 7.129242e-09
416 2.052516e-08
417 1.549622e-08
418 1.094553e-08
419 7.716138e-09
420 5.772532e-09
421 2.566268e-08
422 1.856554e-08
423 1.291545e-08
424 9.424646e-09
425 7.058240e-09
426 3.219587e-08
427 2.242602e-08
428 1.589513e-08
429 1.204378e-08
430 8.575166e-09
431 3.651148e-08
432 2.522483e-08
433 1.844570e-08
434 1.392163e-08
435 9.510613e-09
436 2.714169e-08
437 2.049803e-08
438 1.448009e-08
439 1.020551e-08
440 7.632125e-09
441 3.394066e-08
442 2.455959e-08
443 1.708332e-08
444 1.246124e-08
445 9.332074e-09
446 4.258914e-08
447 2.966476e-08
448 2.101794e-08
449 1.592141e-08
450 1.134143e-08
451 4.829928e-08
452 3.336086e-08
453 2.438490e-08
454 1.840507e-08
455 1.258060e-08
