0 2.264547e-09
1 1.674479e-09
2 1.221003e-09
3 8.891488e-10
4 6.523157e-10
5 4.832769e-10
6 3.621784e-10
7 2.738575e-10
8 2.077544e-10
9 1.569299e-10
10 1.171552e-10
11 8.588060e-11
12 6.144327e-11
13 4.276009e-11
14 2.889314e-11
15 1.895292e-11
16 1.208819e-11
17 7.517553e-12
18 4.575028e-12
19 2.735135e-12
20 0.000000e+00
21 0.000000e+00
22 0.000000e+00
23 0.000000e+00
24 0.000000e+00
25 3.733643e-09
26 2.800622e-09
27 2.056672e-09
28 1.492053e-09
29 1.084637e-09
30 7.949381e-10
31 5.887351e-10
32 4.413340e-10
33 3.336705e-10
34 2.528450e-10
35 1.905730e-10
36 1.417818e-10
37 1.034417e-10
38 7.361256e-11
39 5.091598e-11
40 3.418580e-11
41 2.227918e-11
42 1.412144e-11
43 8.731181e-12
44 5.286159e-12
45 0.000000e+00
46 0.000000e+00
47 0.000000e+00
48 0.000000e+00
49 0.000000e+00
50 4.283300e-09
51 3.228407e-09
52 2.380068e-09
53 1.728026e-09
54 1.253636e-09
55 9.161949e-10
56 6.761105e-10
57 5.051220e-10
58 3.810695e-10
59 2.886369e-10
60 2.178609e-10
61 1.626614e-10
62 1.192401e-10
63 8.535428e-11
64 5.944030e-11
65 4.018707e-11
66 2.637185e-11
67 1.682181e-11
68 1.045873e-11
69 6.360497e-12
70 0.000000e+00
71 0.000000e+00
72 0.000000e+00
73 0.000000e+00
74 0.000000e+00
75 4.594352e-09
76 3.470262e-09
77 2.563002e-09
78 1.861785e-09
79 1.349455e-09
80 9.849177e-10
81 7.256514e-10
82 5.412699e-10
83 4.079085e-10
84 3.089112e-10
85 2.333467e-10
86 1.744373e-10
87 1.281580e-10
88 9.199711e-11
89 6.426450e-11
90 4.359144e-11
91 2.869540e-11
92 1.835654e-11
93 1.144168e-11
94 6.973173e-12
95 0.000000e+00
96 0.000000e+00
97 0.000000e+00
98 0.000000e+00
99 0.000000e+00
100 4.805662e-09
101 3.634807e-09
102 2.687645e-09
103 1.952756e-09
104 1.414477e-09
105 1.031622e-09
106 7.592955e-10
107 5.658268e-10
108 4.261198e-10
109 3.226286e-10
110 2.437912e-10
111 1.824708e-10
112 1.342209e-10
113 9.649622e-11
114 6.753607e-11
115 4.590292e-11
116 3.026963e-11
117 1.939686e-11
118 1.210769e-11
119 7.387669e-12
120 0.000000e+00
121 0.000000e+00
122 0.000000e+00
123 0.000000e+00
124 0.000000e+00
125 4.966260e-09
126 3.759664e-09
127 2.782180e-09
128 2.021907e-09
129 1.464123e-09
130 1.067136e-09
131 7.848372e-10
132 5.845164e-10
133 4.400189e-10
134 3.331104e-10
135 2.518311e-10
136 1.885641e-10
137 1.388426e-10
138 9.994872e-11
139 7.003834e-11
140 4.765940e-11
141 3.146897e-11
142 2.018850e-11
143 1.261464e-11
144 7.704136e-12
145 0.000000e+00
146 0.000000e+00
147 0.000000e+00
148 0.000000e+00
149 0.000000e+00
150 5.097652e-09
151 3.861855e-09
152 2.858891e-09
153 2.078022e-09
154 1.504345e-09
155 1.096213e-09
156 8.057542e-10
157 5.997379e-10
158 4.513119e-10
159 3.417075e-10
160 2.583535e-10
161 1.935713e-10
162 1.426251e-10
163 1.027609e-10
164 7.207978e-11
165 4.909996e-11
166 3.245406e-11
167 2.083955e-11
168 1.302872e-11
169 7.961705e-12
170 0.000000e+00
171 0.000000e+00
172 0.000000e+00
173 0.000000e+00
174 0.000000e+00
175 5.204043e-09
176 3.945735e-09
177 2.922789e-09
178 2.124711e-09
179 1.537700e-09
180 1.119968e-09
181 8.229824e-10
182 6.121090e-10
183 4.606934e-10
184 3.486211e-10
185 2.636356e-10
186 1.975676e-10
187 1.456665e-10
188 1.050237e-10
189 7.371935e-11
190 5.025600e-11
191 3.324343e-11
192 2.136841e-11
193 1.337023e-11
194 8.174384e-12
195 0.000000e+00
196 0.000000e+00
197 0.000000e+00
198 0.000000e+00
199 0.000000e+00
200 5.297202e-09
201 4.016920e-09
202 2.976523e-09
203 2.164038e-09
204 1.566220e-09
205 1.140248e-09
206 8.375803e-10
207 6.229345e-10
208 4.685999e-10
209 3.546893e-10
210 2.682422e-10
211 2.011172e-10
212 1.483498e-10
213 1.070165e-10
214 7.517022e-11
215 5.127361e-11
216 3.393893e-11
217 2.181960e-11
218 1.365897e-11
219 8.354025e-12
220 0.000000e+00
221 0.000000e+00
222 0.000000e+00
223 0.000000e+00
224 0.000000e+00
225 5.417232e-09
226 4.109523e-09
227 3.047251e-09
228 2.215593e-09
229 1.602757e-09
230 1.166689e-09
231 8.565647e-10
232 6.369790e-10
233 4.789569e-10
234 3.625962e-10
235 2.742555e-10
236 2.056640e-10
237 1.517887e-10
238 1.095775e-10
239 7.702819e-11
240 5.258661e-11
241 3.483509e-11
242 2.241264e-11
243 1.403897e-11
244 8.590955e-12
245 0.000000e+00
246 0.000000e+00
247 0.000000e+00
248 0.000000e+00
249 0.000000e+00
250 7.492192e-09
251 5.751518e-09
252 4.315749e-09
253 3.157727e-09
254 2.277313e-09
255 1.647748e-09
256 1.200371e-09
257 8.842783e-10
258 6.599916e-10
259 4.975823e-10
260 3.766531e-10
261 2.840260e-10
262 2.116423e-10
263 1.547812e-10
264 1.104559e-10
265 7.664806e-11
266 5.160722e-11
267 3.371565e-11
268 2.140635e-11
269 1.324747e-11
270 0.000000e+00
271 0.000000e+00
272 0.000000e+00
273 0.000000e+00
274 0.000000e+00
275 9.432029e-09
276 7.298967e-09
277 5.529685e-09
278 4.082323e-09
279 2.950420e-09
280 2.125503e-09
281 1.541727e-09
282 1.127417e-09
283 8.355493e-10
284 6.266539e-10
285 4.732532e-10
286 3.573586e-10
287 2.676488e-10
288 1.973046e-10
289 1.422892e-10
290 9.992421e-11
291 6.814953e-11
292 4.509382e-11
293 2.897478e-11
294 1.812142e-11
295 0.000000e+00
296 0.000000e+00
297 0.000000e+00
298 0.000000e+00
299 0.000000e+00
300 1.059663e-08
301 8.230680e-09
302 6.261245e-09
303 4.643580e-09
304 3.362157e-09
305 2.418912e-09
306 1.750362e-09
307 1.275868e-09
308 9.424531e-10
309 7.048532e-10
310 5.316679e-10
311 4.015523e-10
312 3.013027e-10
313 2.228595e-10
314 1.614474e-10
315 1.139837e-10
316 7.817730e-11
317 5.203292e-11
318 3.361940e-11
319 2.113133e-11
320 0.000000e+00
321 0.000000e+00
322 0.000000e+00
323 0.000000e+00
324 0.000000e+00
325 1.139230e-08
326 8.867648e-09
327 6.762437e-09
328 5.026148e-09
329 3.643117e-09
330 2.619736e-09
331 1.893593e-09
332 1.377804e-09
333 1.015798e-09
334 7.585225e-10
335 5.716482e-10
336 4.318170e-10
337 3.243520e-10
338 2.403747e-10
339 1.745609e-10
340 1.236098e-10
341 8.505714e-11
342 5.679627e-11
343 3.680939e-11
344 2.320016e-11
345 0.000000e+00
346 0.000000e+00
347 0.000000e+00
348 0.000000e+00
349 0.000000e+00
350 1.199957e-08
351 9.353580e-09
352 7.144823e-09
353 5.318783e-09
354 3.857634e-09
355 2.771937e-09
356 2.002734e-09
357 1.455402e-09
358 1.071694e-09
359 7.994372e-10
360 6.021471e-10
361 4.548691e-10
362 3.419110e-10
363 2.536885e-10
364 1.845411e-10
365 1.309338e-10
366 9.028805e-11
367 6.041715e-11
368 3.923470e-11
369 2.477303e-11
370 0.000000e+00
371 0.000000e+00
372 0.000000e+00
373 0.000000e+00
374 0.000000e+00
375 1.249363e-08
376 9.748722e-09
377 7.455093e-09
378 5.557126e-09
379 4.032986e-09
380 2.896750e-09
381 2.091368e-09
382 1.518798e-09
383 1.117071e-09
384 8.326736e-10
385 6.268922e-10
386 4.736490e-10
387 3.562060e-10
388 2.645390e-10
389 1.926824e-10
390 1.369045e-10
391 9.455304e-11
392 6.336445e-11
393 4.120929e-11
394 2.605336e-11
395 0.000000e+00
396 0.000000e+00
397 0.000000e+00
398 0.000000e+00
399 0.000000e+00
400 1.289771e-08
401 1.007270e-08
402 7.709964e-09
403 5.751843e-09
404 4.175877e-09
405 2.998819e-09
406 2.163896e-09
407 1.570278e-09
408 1.154140e-09
409 8.598558e-10
410 6.471542e-10
411 4.889562e-10
412 3.678838e-10
413 2.734099e-10
414 1.993200e-10
415 1.417785e-10
416 9.803366e-11
417 6.577880e-11
418 4.282801e-11
419 2.710326e-11
420 0.000000e+00
421 0.000000e+00
422 0.000000e+00
423 0.000000e+00
424 0.000000e+00
425 1.324604e-08
426 1.035089e-08
427 7.929445e-09
428 5.920249e-09
429 4.299502e-09
430 3.086629e-09
431 2.226621e-09
432 1.615031e-09
433 1.186363e-09
434 8.833389e-10
435 6.646763e-10
436 5.022360e-10
437 3.779799e-10
438 2.810708e-10
439 2.050686e-10
440 1.459945e-10
441 1.010461e-10
442 6.786206e-11
443 4.421819e-11
444 2.800560e-11
445 0.000000e+00
446 0.000000e+00
447 0.000000e+00
448 0.000000e+00
449 0.000000e+00
450 1.369541e-08
451 1.071087e-08
452 8.211586e-09
453 6.136063e-09
454 4.458443e-09
455 3.199575e-09
456 2.307540e-09
457 1.672700e-09
458 1.227833e-09
459 9.135714e-10
460 6.872030e-10
461 5.193363e-10
462 3.910053e-10
463 2.909638e-10
464 2.124818e-10
465 1.514402e-10
466 1.049342e-10
467 7.055612e-11
468 4.601499e-11
469 2.917010e-11
470 0.000000e+00
471 0.000000e+00
472 0.000000e+00
473 0.000000e+00
474 0.000000e+00
475 1.277769e-08
476 9.998528e-09
477 7.670623e-09
478 5.748512e-09
479 4.193358e-09
480 3.011808e-09
481 2.171759e-09
482 1.574643e-09
483 1.153934e-09
484 8.571416e-10
485 6.432595e-10
486 4.850961e-10
487 3.647149e-10
488 2.712025e-10
489 1.980820e-10
490 1.413221e-10
491 9.811210e-11
492 6.614103e-11
493 4.328017e-11
494 2.752478e-11
495 0.000000e+00
496 0.000000e+00
497 0.000000e+00
498 0.000000e+00
499 0.000000e+00
500 1.503604e-08
501 1.183858e-08
502 9.136397e-09
503 6.897553e-09
504 5.067169e-09
505 3.643780e-09
506 2.617715e-09
507 1.892086e-09
508 1.378565e-09
509 1.018307e-09
510 7.610824e-10
511 5.726874e-10
512 4.308280e-10
513 3.214085e-10
514 2.360520e-10
515 1.696564e-10
516 1.188048e-10
517 8.084635e-11
518 5.340875e-11
519 3.427636e-11
520 0.000000e+00
521 0.000000e+00
522 0.000000e+00
523 0.000000e+00
524 0.000000e+00
525 1.663016e-08
526 1.314001e-08
527 1.017354e-08
528 7.711972e-09
529 5.687818e-09
530 4.095071e-09
531 2.937039e-09
532 2.119124e-09
533 1.539080e-09
534 1.133337e-09
535 8.448037e-10
536 6.349261e-10
537 4.776751e-10
538 3.569411e-10
539 2.629142e-10
540 1.897182e-10
541 1.334793e-10
542 9.130093e-11
543 6.063192e-11
544 3.910841e-11
545 0.000000e+00
546 0.000000e+00
547 0.000000e+00
548 0.000000e+00
549 0.000000e+00
550 1.784557e-08
551 1.413410e-08
552 1.096700e-08
553 8.335088e-09
554 6.162874e-09
555 4.440252e-09
556 3.181773e-09
557 2.292670e-09
558 1.662018e-09
559 1.221353e-09
560 9.090442e-10
561 6.824393e-10
562 5.134556e-10
563 3.840812e-10
564 2.834330e-10
565 2.050393e-10
566 1.446891e-10
567 9.928867e-11
568 6.615289e-11
569 4.280367e-11
570 0.000000e+00
571 0.000000e+00
572 0.000000e+00
573 0.000000e+00
574 0.000000e+00
575 1.883690e-08
576 1.494632e-08
577 1.161391e-08
578 8.842221e-09
579 6.550262e-09
580 4.721954e-09
581 3.380855e-09
582 2.434577e-09
583 1.762167e-09
584 1.293082e-09
585 9.611243e-10
586 7.210982e-10
587 5.426700e-10
588 4.062100e-10
589 3.001669e-10
590 2.175311e-10
591 1.538305e-10
592 1.058011e-10
593 7.065479e-11
594 4.581614e-11
595 0.000000e+00
596 0.000000e+00
597 0.000000e+00
598 0.000000e+00
599 0.000000e+00
600 1.964615e-08
601 1.561060e-08
602 1.214396e-08
603 9.256338e-09
604 6.865962e-09
605 4.952149e-09
606 3.543747e-09
607 2.550256e-09
608 1.843985e-09
609 1.351808e-09
610 1.003873e-09
611 7.528527e-10
612 5.664869e-10
613 4.242727e-10
614 3.138258e-10
615 2.277279e-10
616 1.612928e-10
617 1.111169e-10
618 7.432920e-11
619 4.827499e-11
620 0.000000e+00
621 0.000000e+00
622 0.000000e+00
623 0.000000e+00
624 0.000000e+00
625 2.034605e-08
626 1.618194e-08
627 1.259966e-08
628 9.614920e-09
629 7.138940e-09
630 5.151425e-09
631 3.684644e-09
632 2.650391e-09
633 1.915061e-09
634 1.402462e-09
635 1.040739e-09
636 7.802791e-10
637 5.871388e-10
638 4.399292e-10
639 3.256596e-10
640 2.365653e-10
641 1.677591e-10
642 1.157246e-10
643 7.751505e-11
644 5.040720e-11
645 0.000000e+00
646 0.000000e+00
647 0.000000e+00
648 0.000000e+00
649 0.000000e+00
650 2.124556e-08
651 1.691956e-08
652 1.318835e-08
653 1.007607e-08
654 7.491893e-09
655 5.407228e-09
656 3.865978e-09
657 2.779292e-09
658 2.005999e-09
659 1.467657e-09
660 1.088208e-09
661 8.154711e-10
662 6.136417e-10
663 4.600209e-10
664 3.408452e-10
665 2.479106e-10
666 1.760568e-10
667 1.216403e-10
668 8.160279e-11
669 5.314376e-11
670 0.000000e+00
671 0.000000e+00
672 0.000000e+00
673 0.000000e+00
674 0.000000e+00
675 1.841015e-08
676 1.463134e-08
677 1.137651e-08
678 8.668137e-09
679 6.438168e-09
680 4.656043e-09
681 3.332396e-09
682 2.399611e-09
683 1.736006e-09
684 1.272172e-09
685 9.439646e-10
686 7.071539e-10
687 5.313161e-10
688 3.973737e-10
689 2.935786e-10
690 2.128609e-10
691 1.507041e-10
692 1.038387e-10
693 6.950645e-11
694 4.519305e-11
695 0.000000e+00
696 0.000000e+00
697 0.000000e+00
698 0.000000e+00
699 0.000000e+00
700 2.094671e-08
701 1.675224e-08
702 1.308807e-08
703 1.002336e-08
704 7.493866e-09
705 5.445860e-09
706 3.894387e-09
707 2.796888e-09
708 2.016697e-09
709 1.470036e-09
710 1.085715e-09
711 8.106730e-10
712 6.082436e-10
713 4.552808e-10
714 3.373323e-10
715 2.457456e-10
716 1.750584e-10
717 1.214878e-10
718 8.195208e-11
719 5.370503e-11
720 0.000000e+00
721 0.000000e+00
722 0.000000e+00
723 0.000000e+00
724 0.000000e+00
725 2.291588e-08
726 1.840503e-08
727 1.442669e-08
728 1.108498e-08
729 8.319469e-09
730 6.065193e-09
731 4.337354e-09
732 3.108941e-09
733 2.237831e-09
734 1.625747e-09
735 1.197375e-09
736 8.917736e-10
737 6.684051e-10
738 5.004770e-10
739 3.714554e-10
740 2.713821e-10
741 1.940548e-10
742 1.352691e-10
743 9.168639e-11
744 6.037739e-11
745 0.000000e+00
746 0.000000e+00
747 0.000000e+00
748 0.000000e+00
749 0.000000e+00
750 2.453109e-08
751 1.975716e-08
752 1.551940e-08
753 1.195199e-08
754 8.994993e-09
755 6.572426e-09
756 4.699484e-09
757 3.364702e-09
758 2.418580e-09
759 1.753307e-09
760 1.288386e-09
761 9.580625e-10
762 7.176425e-10
763 5.374642e-10
764 3.993796e-10
765 2.923574e-10
766 2.096003e-10
767 1.465475e-10
768 9.965514e-11
769 6.584060e-11
770 0.000000e+00
771 0.000000e+00
772 0.000000e+00
773 0.000000e+00
774 0.000000e+00
775 2.584819e-08
776 2.086217e-08
777 1.641349e-08
778 1.265980e-08
779 9.546987e-09
780 6.986527e-09
781 4.995636e-09
782 3.573609e-09
783 2.566457e-09
784 1.857642e-09
785 1.362999e-09
786 1.012437e-09
787 7.578581e-10
788 5.676713e-10
789 4.221917e-10
790 3.094926e-10
791 2.223010e-10
792 1.557608e-10
793 1.061657e-10
794 7.030395e-11
795 0.000000e+00
796 0.000000e+00
797 0.000000e+00
798 0.000000e+00
799 0.000000e+00
800 2.698385e-08
801 2.181679e-08
802 1.718448e-08
803 1.327308e-08
804 1.002482e-08
805 7.345089e-09
806 5.251560e-09
807 3.754138e-09
808 2.694270e-09
809 1.947440e-09
810 1.427282e-09
811 1.059320e-09
812 7.926145e-10
813 5.937719e-10
814 4.418824e-10
815 3.242858e-10
816 2.332634e-10
817 1.637137e-10
818 1.117859e-10
819 7.415667e-11
820 0.000000e+00
821 0.000000e+00
822 0.000000e+00
823 0.000000e+00
824 0.000000e+00
825 2.844798e-08
826 2.304281e-08
827 1.817968e-08
828 1.406008e-08
829 1.063908e-08
830 7.806018e-09
831 5.581094e-09
832 3.986987e-09
833 2.858318e-09
834 2.063061e-09
835 1.510097e-09
836 1.119564e-09
837 8.372830e-10
838 6.273380e-10
839 4.671939e-10
840 3.433050e-10
841 2.473555e-10
842 1.739408e-10
843 1.190102e-10
844 7.911035e-11
845 0.000000e+00
846 0.000000e+00
847 0.000000e+00
848 0.000000e+00
849 0.000000e+00
850 2.445323e-08
851 1.973580e-08
852 1.552321e-08
853 1.196399e-08
854 9.018034e-09
855 6.608770e-09
856 4.733222e-09
857 3.385629e-09
858 2.434183e-09
859 1.761812e-09
860 1.292948e-09
861 9.599844e-10
862 7.179566e-10
863 5.371888e-10
864 3.990155e-10
865 2.921672e-10
866 2.096445e-10
867 1.467928e-10
868 1.000200e-10
869 6.623979e-11
870 0.000000e+00
871 0.000000e+00
872 0.000000e+00
873 0.000000e+00
874 0.000000e+00
875 2.729616e-08
876 2.217777e-08
877 1.752950e-08
878 1.356591e-08
879 1.027837e-08
880 7.575734e-09
881 5.439687e-09
882 3.880984e-09
883 2.784984e-09
884 2.007235e-09
885 1.466702e-09
886 1.084310e-09
887 8.088305e-10
888 6.046930e-10
889 4.496844e-10
890 3.302433e-10
891 2.380279e-10
892 1.676098e-10
893 1.149425e-10
894 7.664861e-11
895 0.000000e+00
896 0.000000e+00
897 0.000000e+00
898 0.000000e+00
899 0.000000e+00
900 2.965282e-08
901 2.419943e-08
902 1.919290e-08
903 1.489748e-08
904 1.132596e-08
905 8.380564e-09
906 6.027929e-09
907 4.295449e-09
908 3.077808e-09
909 2.212222e-09
910 1.611307e-09
911 1.187920e-09
912 8.844851e-10
913 6.608024e-10
914 4.917569e-10
915 3.618386e-10
916 2.615813e-10
917 1.848908e-10
918 1.273423e-10
919 8.530837e-11
920 0.000000e+00
921 0.000000e+00
922 0.000000e+00
923 0.000000e+00
924 0.000000e+00
925 3.157643e-08
926 2.585296e-08
927 2.055414e-08
928 1.598558e-08
929 1.218325e-08
930 9.038505e-09
931 6.509283e-09
932 4.634137e-09
933 3.317377e-09
934 2.380222e-09
935 1.729769e-09
936 1.272978e-09
937 9.463131e-10
938 7.066858e-10
939 5.261594e-10
940 3.876698e-10
941 2.808367e-10
942 1.990164e-10
943 1.374780e-10
944 9.238700e-11
945 0.000000e+00
946 0.000000e+00
947 0.000000e+00
948 0.000000e+00
949 0.000000e+00
950 3.324329e-08
951 2.728615e-08
952 2.173369e-08
953 1.693019e-08
954 1.292694e-08
955 9.609942e-09
956 6.927326e-09
957 4.928093e-09
958 3.525209e-09
959 2.525819e-09
960 1.832365e-09
961 1.346290e-09
962 9.999637e-10
963 7.464671e-10
964 5.559718e-10
965 4.100550e-10
966 2.975211e-10
967 2.112577e-10
968 1.462636e-10
969 9.852415e-11
970 0.000000e+00
971 0.000000e+00
972 0.000000e+00
973 0.000000e+00
974 0.000000e+00
975 3.538273e-08
976 2.912692e-08
977 2.325106e-08
978 1.814344e-08
979 1.388185e-08
980 1.034372e-08
981 7.464712e-09
982 5.306522e-09
983 3.792315e-09
984 2.712388e-09
985 1.964478e-09
986 1.440787e-09
987 1.068845e-09
988 7.975647e-10
989 5.942465e-10
990 4.388014e-10
991 3.189458e-10
992 2.269799e-10
993 1.575453e-10
994 1.064043e-10
995 0.000000e+00
996 0.000000e+00
997 0.000000e+00
998 0.000000e+00
999 0.000000e+00
1000 3.106088e-08
1001 2.546349e-08
1002 2.026665e-08
1003 1.576999e-08
1004 1.202208e-08
1005 8.930974e-09
1006 6.446941e-09
1007 4.591081e-09
1008 3.285576e-09
1009 2.357651e-09
1010 1.712146e-09
1011 1.258355e-09
1012 9.345085e-10
1013 6.971203e-10
1014 5.185912e-10
1015 3.819084e-10
1016 2.766288e-10
1017 1.960889e-10
1018 1.355471e-10
1019 9.119080e-11
1020 0.000000e+00
1021 0.000000e+00
1022 0.000000e+00
1023 0.000000e+00
1024 0.000000e+00
1025 3.427822e-08
1026 2.828846e-08
1027 2.263410e-08
1028 1.768378e-08
1029 1.353766e-08
1030 1.011158e-08
1031 7.331174e-09
1032 5.218998e-09
1033 3.726118e-09
1034 2.667149e-09
1035 1.927819e-09
1036 1.410951e-09
1037 1.044221e-09
1038 7.774873e-10
1039 5.782821e-10
1040 4.265407e-10
1041 3.099346e-10
1042 2.206834e-10
1043 1.533847e-10
1044 1.038225e-10
1045 0.000000e+00
1046 0.000000e+00
1047 0.000000e+00
1048 0.000000e+00
1049 0.000000e+00
1050 3.693032e-08
1051 3.062595e-08
1052 2.459208e-08
1053 1.926669e-08
1054 1.479269e-08
1055 1.108925e-08
1056 8.064546e-09
1057 5.740538e-09
1058 4.092442e-09
1059 2.924591e-09
1060 2.107215e-09
1061 1.537891e-09
1062 1.135410e-09
1063 8.440397e-10
1064 6.276612e-10
1065 4.634355e-10
1066 3.374603e-10
1067 2.410040e-10
1068 1.681245e-10
1069 1.142671e-10
1070 0.000000e+00
1071 0.000000e+00
1072 0.000000e+00
1073 0.000000e+00
1074 0.000000e+00
1075 3.922569e-08
1076 3.264744e-08
1077 2.628969e-08
1078 2.063992e-08
1079 1.588163e-08
1080 1.193761e-08
1081 8.700987e-09
1082 6.193050e-09
1083 4.410324e-09
1084 3.147831e-09
1085 2.262604e-09
1086 1.647688e-09
1087 1.214236e-09
1088 9.017407e-10
1089 6.704543e-10
1090 4.954063e-10
1091 3.613082e-10
1092 2.586101e-10
1093 1.808972e-10
1094 1.233189e-10
1095 0.000000e+00
1096 0.000000e+00
1097 0.000000e+00
1098 0.000000e+00
1099 0.000000e+00
1100 4.218514e-08
1101 3.525251e-08
1102 2.847339e-08
1103 2.240777e-08
1104 1.728208e-08
1105 1.302923e-08
1106 9.520405e-09
1107 6.776531e-09
1108 4.819025e-09
1109 3.434883e-09
1110 2.462987e-09
1111 1.789175e-09
1112 1.315830e-09
1113 9.759532e-10
1114 7.254930e-10
1115 5.365328e-10
1116 3.919845e-10
1117 2.812611e-10
1118 1.973284e-10
1119 1.349638e-10
1120 0.000000e+00
1121 0.000000e+00
1122 0.000000e+00
1123 0.000000e+00
1124 0.000000e+00
1125 3.841941e-08
1126 3.199789e-08
1127 2.578932e-08
1128 2.025827e-08
1129 1.558737e-08
1130 1.172060e-08
1131 8.557261e-09
1132 6.101132e-09
1133 4.341929e-09
1134 3.101257e-09
1135 2.228109e-09
1136 1.621682e-09
1137 1.193984e-09
1138 8.858223e-10
1139 6.579918e-10
1140 4.858166e-10
1141 3.541141e-10
1142 2.533967e-10
1143 1.772607e-10
1144 1.208916e-10
1145 0.000000e+00
1146 0.000000e+00
1147 0.000000e+00
1148 0.000000e+00
1149 0.000000e+00
1150 4.192494e-08
1151 3.515070e-08
1152 2.848692e-08
1153 2.246754e-08
1154 1.735083e-08
1155 1.310604e-08
1156 9.617036e-09
1157 6.869527e-09
1158 4.878834e-09
1159 3.479352e-09
1160 2.489859e-09
1161 1.804984e-09
1162 1.323730e-09
1163 9.792491e-10
1164 7.264646e-10
1165 5.365733e-10
1166 3.918734e-10
1167 2.813369e-10
1168 1.976679e-10
1169 1.355082e-10
1170 0.000000e+00
1171 0.000000e+00
1172 0.000000e+00
1173 0.000000e+00
1174 0.000000e+00
1175 4.497086e-08
1176 3.789999e-08
1177 3.084071e-08
1178 2.439885e-08
1179 1.889247e-08
1180 1.431751e-08
1181 1.054400e-08
1182 7.542591e-09
1183 5.349593e-09
1184 3.810643e-09
1185 2.719042e-09
1186 1.965456e-09
1187 1.437182e-09
1188 1.060956e-09
1189 7.862826e-10
1190 5.808788e-10
1191 4.248131e-10
1192 3.057051e-10
1193 2.154675e-10
1194 1.482610e-10
1195 0.000000e+00
1196 0.000000e+00
1197 0.000000e+00
1198 0.000000e+00
1199 0.000000e+00
1200 4.891065e-08
1201 4.144103e-08
1202 3.387840e-08
1203 2.689031e-08
1204 2.088066e-08
1205 1.588053e-08
1206 1.174088e-08
1207 8.412739e-09
1208 5.957400e-09
1209 4.237916e-09
1210 3.015488e-09
1211 2.172542e-09
1212 1.583607e-09
1213 1.166371e-09
1214 8.634113e-10
1215 6.380057e-10
1216 4.672793e-10
1217 3.371235e-10
1218 2.384163e-10
1219 1.647044e-10
1220 0.000000e+00
1221 0.000000e+00
1222 0.000000e+00
1223 0.000000e+00
1224 0.000000e+00
1225 4.631742e-08
1226 3.917146e-08
1227 3.198247e-08
1228 2.536690e-08
1229 1.967807e-08
1230 1.494365e-08
1231 1.104002e-08
1232 7.919568e-09
1233 5.613747e-09
1234 3.995428e-09
1235 2.847367e-09
1236 2.053124e-09
1237 1.497441e-09
1238 1.103034e-09
1239 8.162084e-10
1240 6.025625e-10
1241 4.407481e-10
1242 3.174948e-10
1243 2.241706e-10
1244 1.546215e-10
1245 0.000000e+00
1246 0.000000e+00
1247 0.000000e+00
1248 0.000000e+00
1249 0.000000e+00
1250 5.021667e-08
1251 4.276157e-08
1252 3.511589e-08
1253 2.797622e-08
1254 2.177740e-08
1255 1.660292e-08
1256 1.232589e-08
1257 8.874270e-09
1258 6.285245e-09
1259 4.465355e-09
1260 3.173944e-09
1261 2.279182e-09
1262 1.655334e-09
1263 1.215127e-09
1264 8.971738e-10
1265 6.618966e-10
1266 4.845844e-10
1267 3.498776e-10
1268 2.478999e-10
1269 1.717469e-10
1270 0.000000e+00
1271 0.000000e+00
1272 0.000000e+00
1273 0.000000e+00
1274 0.000000e+00
1275 5.527608e-08
1276 4.740622e-08
1277 3.918145e-08
1278 3.136102e-08
1279 2.450460e-08
1280 1.876027e-08
1281 1.400014e-08
1282 1.011842e-08
1283 7.160296e-09
1284 5.077381e-09
1285 3.599606e-09
1286 2.573538e-09
1287 1.860978e-09
1288 1.361007e-09
1289 1.002442e-09
1290 7.389867e-10
1291 5.414987e-10
1292 3.919073e-10
1293 2.786922e-10
1294 1.939720e-10
1295 0.000000e+00
1296 0.000000e+00
1297 0.000000e+00
1298 0.000000e+00
1299 0.000000e+00
1300 5.504326e-08
1301 4.726367e-08
1302 3.912000e-08
1303 3.135771e-08
1304 2.452174e-08
1305 1.878164e-08
1306 1.402976e-08
1307 1.016086e-08
1308 7.199905e-09
1309 5.101786e-09
1310 3.618595e-09
1311 2.583949e-09
1312 1.866690e-09
1313 1.363562e-09
1314 1.003019e-09
1315 7.386513e-10
1316 5.408717e-10
1317 3.913160e-10
1318 2.782808e-10
1319 1.937673e-10
1320 0.000000e+00
1321 0.000000e+00
1322 0.000000e+00
1323 0.000000e+00
1324 0.000000e+00
1325 6.141621e-08
1326 5.323722e-08
1327 4.444066e-08
1328 3.587223e-08
1329 2.819708e-08
1330 2.170397e-08
1331 1.631839e-08
1332 1.189523e-08
1333 8.440122e-09
1334 5.963709e-09
1335 4.221222e-09
1336 2.996734e-09
1337 2.152680e-09
1338 1.563446e-09
1339 1.145128e-09
1340 8.413445e-10
1341 6.159645e-10
1342 4.464783e-10
1343 3.186742e-10
1344 2.230400e-10
1345 0.000000e+00
1346 0.000000e+00
1347 0.000000e+00
1348 0.000000e+00
1349 0.000000e+00
1350 7.000628e-08
1351 6.149184e-08
1352 5.198988e-08
1353 4.242255e-08
1354 3.362214e-08
1355 2.605430e-08
1356 1.975017e-08
1357 1.454690e-08
1358 1.038850e-08
1359 7.319530e-09
1360 5.168330e-09
1361 3.645060e-09
1362 2.596857e-09
1363 1.868953e-09
1364 1.358210e-09
1365 9.923648e-10
1366 7.245677e-10
1367 5.253606e-10
1368 3.761331e-10
1369 2.647082e-10
1370 0.000000e+00
1371 0.000000e+00
1372 0.000000e+00
1373 0.000000e+00
1374 0.000000e+00
1375 3.683463e-07
1376 2.987026e-07
1377 2.439755e-07
1378 1.943742e-07
1379 1.428336e-07
1380 1.012365e-07
1381 7.191040e-08
1382 5.023126e-08
1383 3.538601e-08
1384 0.000000e+00
1385 0.000000e+00
1386 0.000000e+00
1387 0.000000e+00
1388 0.000000e+00
1389 0.000000e+00
1390 0.000000e+00
1391 0.000000e+00
1392 0.000000e+00
1393 0.000000e+00
1394 0.000000e+00
1395 0.000000e+00
1396 0.000000e+00
1397 0.000000e+00
1398 0.000000e+00
1399 0.000000e+00
1400 4.826632e-07
1401 3.921762e-07
1402 3.198243e-07
1403 2.556756e-07
1404 1.896846e-07
1405 1.345835e-07
1406 9.553949e-08
1407 6.683605e-08
1408 4.697259e-08
1409 0.000000e+00
1410 0.000000e+00
1411 0.000000e+00
1412 0.000000e+00
1413 0.000000e+00
1414 0.000000e+00
1415 0.000000e+00
1416 0.000000e+00
1417 0.000000e+00
1418 0.000000e+00
1419 0.000000e+00
1420 0.000000e+00
1421 0.000000e+00
1422 0.000000e+00
1423 0.000000e+00
1424 0.000000e+00
1425 5.616595e-07
1426 4.568331e-07
1427 3.722939e-07
1428 2.982091e-07
1429 2.222387e-07
1430 1.577464e-07
1431 1.119422e-07
1432 7.836901e-08
1433 5.503599e-08
1434 0.000000e+00
1435 0.000000e+00
1436 0.000000e+00
1437 0.000000e+00
1438 0.000000e+00
1439 0.000000e+00
1440 0.000000e+00
1441 0.000000e+00
1442 0.000000e+00
1443 0.000000e+00
1444 0.000000e+00
1445 0.000000e+00
1446 0.000000e+00
1447 0.000000e+00
1448 0.000000e+00
1449 0.000000e+00
1450 6.219926e-07
1451 5.062050e-07
1452 4.123612e-07
1453 3.305403e-07
1454 2.469835e-07
1455 1.753789e-07
1456 1.244287e-07
1457 8.714835e-08
1458 6.116547e-08
1459 0.000000e+00
1460 0.000000e+00
1461 0.000000e+00
1462 0.000000e+00
1463 0.000000e+00
1464 0.000000e+00
1465 0.000000e+00
1466 0.000000e+00
1467 0.000000e+00
1468 0.000000e+00
1469 0.000000e+00
1470 0.000000e+00
1471 0.000000e+00
1472 0.000000e+00
1473 0.000000e+00
1474 0.000000e+00
1475 6.710709e-07
1476 5.463820e-07
1477 4.449661e-07
1478 3.569069e-07
1479 2.671630e-07
1480 1.897644e-07
1481 1.346116e-07
1482 9.430794e-08
1483 6.616410e-08
1484 0.000000e+00
1485 0.000000e+00
1486 0.000000e+00
1487 0.000000e+00
1488 0.000000e+00
1489 0.000000e+00
1490 0.000000e+00
1491 0.000000e+00
1492 0.000000e+00
1493 0.000000e+00
1494 0.000000e+00
1495 0.000000e+00
1496 0.000000e+00
1497 0.000000e+00
1498 0.000000e+00
1499 0.000000e+00
1500 7.111475e-07
1501 5.791925e-07
1502 4.715890e-07
1503 3.784314e-07
1504 2.836366e-07
1505 2.015034e-07
1506 1.429283e-07
1507 1.001567e-07
1508 7.024475e-08
1509 0.000000e+00
1510 0.000000e+00
1511 0.000000e+00
1512 0.000000e+00
1513 0.000000e+00
1514 0.000000e+00
1515 0.000000e+00
1516 0.000000e+00
1517 0.000000e+00
1518 0.000000e+00
1519 0.000000e+00
1520 0.000000e+00
1521 0.000000e+00
1522 0.000000e+00
1523 0.000000e+00
1524 0.000000e+00
1525 7.457655e-07
1526 6.075281e-07
1527 4.945841e-07
1528 3.970241e-07
1529 2.978753e-07
1530 2.116435e-07
1531 1.501090e-07
1532 1.052056e-07
1533 7.376960e-08
1534 0.000000e+00
1535 0.000000e+00
1536 0.000000e+00
1537 0.000000e+00
1538 0.000000e+00
1539 0.000000e+00
1540 0.000000e+00
1541 0.000000e+00
1542 0.000000e+00
1543 0.000000e+00
1544 0.000000e+00
1545 0.000000e+00
1546 0.000000e+00
1547 0.000000e+00
1548 0.000000e+00
1549 0.000000e+00
1550 7.903842e-07
1551 6.440496e-07
1552 5.242222e-07
1553 4.210006e-07
1554 3.162166e-07
1555 2.247131e-07
1556 1.593643e-07
1557 1.117131e-07
1558 7.831534e-08
1559 0.000000e+00
1560 0.000000e+00
1561 0.000000e+00
1562 0.000000e+00
1563 0.000000e+00
1564 0.000000e+00
1565 0.000000e+00
1566 0.000000e+00
1567 0.000000e+00
1568 0.000000e+00
1569 0.000000e+00
1570 0.000000e+00
1571 0.000000e+00
1572 0.000000e+00
1573 0.000000e+00
1574 0.000000e+00
1575 2.193490e-07
1576 1.882195e-07
1577 1.529616e-07
1578 1.235220e-07
1579 1.013795e-07
1580 7.790883e-08
1581 5.395855e-08
1582 3.875452e-08
1583 2.671558e-08
1584 1.859955e-08
1585 1.298170e-08
1586 0.000000e+00
1587 0.000000e+00
1588 0.000000e+00
1589 0.000000e+00
1590 0.000000e+00
1591 0.000000e+00
1592 0.000000e+00
1593 0.000000e+00
1594 0.000000e+00
1595 0.000000e+00
1596 0.000000e+00
1597 0.000000e+00
1598 0.000000e+00
1599 0.000000e+00
1600 3.143538e-07
1601 2.715095e-07
1602 2.214478e-07
1603 1.786204e-07
1604 1.465280e-07
1605 1.137499e-07
1606 7.919995e-08
1607 5.661418e-08
1608 3.922059e-08
1609 2.717741e-08
1610 1.895845e-08
1611 0.000000e+00
1612 0.000000e+00
1613 0.000000e+00
1614 0.000000e+00
1615 0.000000e+00
1616 0.000000e+00
1617 0.000000e+00
1618 0.000000e+00
1619 0.000000e+00
1620 0.000000e+00
1621 0.000000e+00
1622 0.000000e+00
1623 0.000000e+00
1624 0.000000e+00
1625 3.889636e-07
1626 3.370523e-07
1627 2.754300e-07
1628 2.220618e-07
1629 1.820995e-07
1630 1.420305e-07
1631 9.919589e-08
1632 7.073425e-08
1633 4.912515e-08
1634 3.399366e-08
1635 2.368648e-08
1636 0.000000e+00
1637 0.000000e+00
1638 0.000000e+00
1639 0.000000e+00
1640 0.000000e+00
1641 0.000000e+00
1642 0.000000e+00
1643 0.000000e+00
1644 0.000000e+00
1645 0.000000e+00
1646 0.000000e+00
1647 0.000000e+00
1648 0.000000e+00
1649 0.000000e+00
1650 4.498935e-07
1651 3.905850e-07
1652 3.195258e-07
1653 2.575487e-07
1654 2.111563e-07
1655 1.651329e-07
1656 1.155353e-07
1657 8.227155e-08
1658 5.721829e-08
1659 3.956325e-08
1660 2.754986e-08
1661 0.000000e+00
1662 0.000000e+00
1663 0.000000e+00
1664 0.000000e+00
1665 0.000000e+00
1666 0.000000e+00
1667 0.000000e+00
1668 0.000000e+00
1669 0.000000e+00
1670 0.000000e+00
1671 0.000000e+00
1672 0.000000e+00
1673 0.000000e+00
1674 0.000000e+00
1675 4.996368e-07
1676 4.342893e-07
1677 3.555260e-07
1678 2.865204e-07
1679 2.348784e-07
1680 1.839941e-07
1681 1.288750e-07
1682 9.169078e-08
1683 6.382567e-08
1684 4.411038e-08
1685 3.070399e-08
1686 0.000000e+00
1687 0.000000e+00
1688 0.000000e+00
1689 0.000000e+00
1690 0.000000e+00
1691 0.000000e+00
1692 0.000000e+00
1693 0.000000e+00
1694 0.000000e+00
1695 0.000000e+00
1696 0.000000e+00
1697 0.000000e+00
1698 0.000000e+00
1699 0.000000e+00
1700 5.426075e-07
1701 4.720431e-07
1702 3.866244e-07
1703 3.115474e-07
1704 2.553706e-07
1705 2.002870e-07
1706 1.403982e-07
1707 9.982743e-08
1708 6.953329e-08
1709 4.803830e-08
1710 3.342840e-08
1711 0.000000e+00
1712 0.000000e+00
1713 0.000000e+00
1714 0.000000e+00
1715 0.000000e+00
1716 0.000000e+00
1717 0.000000e+00
1718 0.000000e+00
1719 0.000000e+00
1720 0.000000e+00
1721 0.000000e+00
1722 0.000000e+00
1723 0.000000e+00
1724 0.000000e+00
1725 5.979931e-07
1726 5.207047e-07
1727 4.267080e-07
1728 3.438054e-07
1729 2.817834e-07
1730 2.212875e-07
1731 1.552511e-07
1732 1.103151e-07
1733 7.689014e-08
1734 5.310119e-08
1735 3.694040e-08
1736 0.000000e+00
1737 0.000000e+00
1738 0.000000e+00
1739 0.000000e+00
1740 0.000000e+00
1741 0.000000e+00
1742 0.000000e+00
1743 0.000000e+00
1744 0.000000e+00
1745 0.000000e+00
1746 0.000000e+00
1747 0.000000e+00
1748 0.000000e+00
1749 0.000000e+00
1750 1.343216e-07
1751 1.240589e-07
1752 1.060471e-07
1753 8.574239e-08
1754 6.915189e-08
1755 5.715180e-08
1756 4.369825e-08
1757 2.964716e-08
1758 2.157798e-08
1759 1.454952e-08
1760 1.003824e-08
1761 6.923117e-09
1762 0.000000e+00
1763 0.000000e+00
1764 0.000000e+00
1765 0.000000e+00
1766 0.000000e+00
1767 0.000000e+00
1768 0.000000e+00
1769 0.000000e+00
1770 0.000000e+00
1771 0.000000e+00
1772 0.000000e+00
1773 0.000000e+00
1774 0.000000e+00
1775 2.095717e-07
1776 1.947290e-07
1777 1.674679e-07
1778 1.358265e-07
1779 1.093716e-07
1780 9.031660e-08
1781 6.984920e-08
1782 4.753654e-08
1783 3.445838e-08
1784 2.332486e-08
1785 1.608477e-08
1786 1.105822e-08
1787 0.000000e+00
1788 0.000000e+00
1789 0.000000e+00
1790 0.000000e+00
1791 0.000000e+00
1792 0.000000e+00
1793 0.000000e+00
1794 0.000000e+00
1795 0.000000e+00
1796 0.000000e+00
1797 0.000000e+00
1798 0.000000e+00
1799 0.000000e+00
1800 2.739560e-07
1801 2.553185e-07
1802 2.202500e-07
1803 1.789375e-07
1804 1.439887e-07
1805 1.188355e-07
1806 9.239855e-08
1807 6.302701e-08
1808 4.556868e-08
1809 3.092434e-08
1810 2.131096e-08
1811 1.462991e-08
1812 0.000000e+00
1813 0.000000e+00
1814 0.000000e+00
1815 0.000000e+00
1816 0.000000e+00
1817 0.000000e+00
1818 0.000000e+00
1819 0.000000e+00
1820 0.000000e+00
1821 0.000000e+00
1822 0.000000e+00
1823 0.000000e+00
1824 0.000000e+00
1825 3.266688e-07
1826 3.049325e-07
1827 2.634792e-07
1828 2.142512e-07
1829 1.723453e-07
1830 1.421947e-07
1831 1.108714e-07
1832 7.572245e-08
1833 5.467144e-08
1834 3.715266e-08
1835 2.559333e-08
1836 1.755656e-08
1837 0.000000e+00
1838 0.000000e+00
1839 0.000000e+00
1840 0.000000e+00
1841 0.000000e+00
1842 0.000000e+00
1843 0.000000e+00
1844 0.000000e+00
1845 0.000000e+00
1846 0.000000e+00
1847 0.000000e+00
1848 0.000000e+00
1849 0.000000e+00
1850 3.721995e-07
1851 3.477866e-07
1852 3.008185e-07
1853 2.447536e-07
1854 1.968383e-07
1855 1.623714e-07
1856 1.268275e-07
1857 8.668829e-08
1858 6.253402e-08
1859 4.253246e-08
1860 2.929227e-08
1861 2.008448e-08
1862 0.000000e+00
1863 0.000000e+00
1864 0.000000e+00
1865 0.000000e+00
1866 0.000000e+00
1867 0.000000e+00
1868 0.000000e+00
1869 0.000000e+00
1870 0.000000e+00
1871 0.000000e+00
1872 0.000000e+00
1873 0.000000e+00
1874 0.000000e+00
1875 4.308969e-07
1876 4.030335e-07
1877 3.489558e-07
1878 2.840768e-07
1879 2.284145e-07
1880 1.883829e-07
1881 1.473979e-07
1882 1.008253e-07
1883 7.267035e-08
1884 4.946800e-08
1885 3.406088e-08
1886 2.334344e-08
1887 0.000000e+00
1888 0.000000e+00
1889 0.000000e+00
1890 0.000000e+00
1891 0.000000e+00
1892 0.000000e+00
1893 0.000000e+00
1894 0.000000e+00
1895 0.000000e+00
1896 0.000000e+00
1897 0.000000e+00
1898 0.000000e+00
1899 0.000000e+00
1900 1.483931e-07
1901 1.451521e-07
1902 1.319395e-07
1903 1.110256e-07
1904 8.914052e-08
1905 7.230547e-08
1906 5.976759e-08
1907 4.398354e-08
1908 2.983976e-08
1909 2.158837e-08
1910 1.444559e-08
1911 9.796100e-09
1912 6.693665e-09
1913 0.000000e+00
1914 0.000000e+00
1915 0.000000e+00
1916 0.000000e+00
1917 0.000000e+00
1918 0.000000e+00
1919 0.000000e+00
1920 0.000000e+00
1921 0.000000e+00
1922 0.000000e+00
1923 0.000000e+00
1924 0.000000e+00
1925 2.007146e-07
1926 1.967807e-07
1927 1.793734e-07
1928 1.513278e-07
1929 1.216054e-07
1930 9.852681e-08
1931 8.148827e-08
1932 6.035777e-08
1933 4.085408e-08
1934 2.962231e-08
1935 1.978595e-08
1936 1.343023e-08
1937 9.165462e-09
1938 0.000000e+00
1939 0.000000e+00
1940 0.000000e+00
1941 0.000000e+00
1942 0.000000e+00
1943 0.000000e+00
1944 0.000000e+00
1945 0.000000e+00
1946 0.000000e+00
1947 0.000000e+00
1948 0.000000e+00
1949 0.000000e+00
1950 2.460646e-07
1951 2.415361e-07
1952 2.204999e-07
1953 1.862773e-07
1954 1.497615e-07
1955 1.212669e-07
1956 1.003244e-07
1957 7.456266e-08
1958 5.041054e-08
1959 3.659151e-08
1960 2.441941e-08
1961 1.658339e-08
1962 1.130986e-08
1963 0.000000e+00
1964 0.000000e+00
1965 0.000000e+00
1966 0.000000e+00
1967 0.000000e+00
1968 0.000000e+00
1969 0.000000e+00
1970 0.000000e+00
1971 0.000000e+00
1972 0.000000e+00
1973 0.000000e+00
1974 0.000000e+00
1975 3.045292e-07
1976 2.992341e-07
1977 2.735195e-07
1978 2.313339e-07
1979 1.860600e-07
1980 1.505832e-07
1981 1.246076e-07
1982 9.287547e-08
1983 6.273068e-08
1984 4.557614e-08
1985 3.039284e-08
1986 2.064842e-08
1987 1.407440e-08
1988 0.000000e+00
1989 0.000000e+00
1990 0.000000e+00
1991 0.000000e+00
1992 0.000000e+00
1993 0.000000e+00
1994 0.000000e+00
1995 0.000000e+00
1996 0.000000e+00
1997 0.000000e+00
1998 0.000000e+00
1999 0.000000e+00
2000 1.093225e-07
2001 1.108488e-07
2002 1.053833e-07
2003 9.261856e-08
2004 7.588027e-08
2005 6.070871e-08
2006 5.001719e-08
2007 4.030884e-08
2008 2.746740e-08
2009 1.966796e-08
2010 1.329274e-08
2011 9.097997e-09
2012 6.079903e-09
2013 0.000000e+00
2014 0.000000e+00
2015 0.000000e+00
2016 0.000000e+00
2017 0.000000e+00
2018 0.000000e+00
2019 0.000000e+00
2020 0.000000e+00
2021 0.000000e+00
2022 0.000000e+00
2023 0.000000e+00
2024 0.000000e+00
2025 1.530081e-07
2026 1.554146e-07
2027 1.480914e-07
2028 1.304904e-07
2029 1.071011e-07
2030 8.567718e-08
2031 7.050593e-08
2032 5.699678e-08
2033 3.903050e-08
2034 2.780530e-08
2035 1.889440e-08
2036 1.290802e-08
2037 8.616674e-09
2038 0.000000e+00
2039 0.000000e+00
2040 0.000000e+00
2041 0.000000e+00
2042 0.000000e+00
2043 0.000000e+00
2044 0.000000e+00
2045 0.000000e+00
2046 0.000000e+00
2047 0.000000e+00
2048 0.000000e+00
2049 0.000000e+00
2050 2.094900e-07
2051 2.130392e-07
2052 2.033199e-07
2053 1.794716e-07
2054 1.474846e-07
2055 1.179741e-07
2056 9.700657e-08
2057 7.858311e-08
2058 5.399291e-08
2059 3.833205e-08
2060 2.614313e-08
2061 1.783726e-08
2062 1.189870e-08
2063 0.000000e+00
2064 0.000000e+00
2065 0.000000e+00
2066 0.000000e+00
2067 0.000000e+00
2068 0.000000e+00
2069 0.000000e+00
2070 0.000000e+00
2071 0.000000e+00
2072 0.000000e+00
2073 0.000000e+00
2074 0.000000e+00
2075 8.550624e-08
2076 8.899685e-08
2077 8.757250e-08
2078 8.009351e-08
2079 6.766550e-08
2080 5.430866e-08
2081 4.393192e-08
2082 3.653339e-08
2083 2.713705e-08
2084 1.808539e-08
2085 1.323353e-08
2086 8.686230e-09
2087 5.784846e-09
2088 3.865965e-09
2089 0.000000e+00
2090 0.000000e+00
2091 0.000000e+00
2092 0.000000e+00
2093 0.000000e+00
2094 0.000000e+00
2095 0.000000e+00
2096 0.000000e+00
2097 0.000000e+00
2098 0.000000e+00
2099 0.000000e+00
2100 1.391216e-07
2101 1.450366e-07
2102 1.430268e-07
2103 1.311689e-07
2104 1.110978e-07
2105 8.925151e-08
2106 7.211631e-08
2107 5.998115e-08
2108 4.485843e-08
2109 2.982466e-08
2110 2.188029e-08
2111 1.432101e-08
2112 9.555885e-09
2113 6.379964e-09
2114 0.000000e+00
2115 0.000000e+00
2116 0.000000e+00
2117 0.000000e+00
2118 0.000000e+00
2119 0.000000e+00
2120 0.000000e+00
2121 0.000000e+00
2122 0.000000e+00
2123 0.000000e+00
2124 0.000000e+00
2125 8.752609e-08
2126 9.296396e-08
2127 9.397769e-08
2128 8.893377e-08
2129 7.769896e-08
2130 6.334924e-08
2131 5.067097e-08
2132 4.191188e-08
2133 3.357974e-08
2134 2.241540e-08
2135 1.630305e-08
2136 1.069387e-08
2137 7.287791e-09
2138 4.789054e-09
2139 0.000000e+00
2140 0.000000e+00
2141 0.000000e+00
2142 0.000000e+00
2143 0.000000e+00
2144 0.000000e+00
2145 0.000000e+00
2146 0.000000e+00
2147 0.000000e+00
2148 0.000000e+00
2149 0.000000e+00
2150 4.821426e-08
2151 5.197391e-08
2152 5.358063e-08
2153 5.202945e-08
2154 4.679883e-08
2155 3.894478e-08
2156 3.111816e-08
2157 2.537917e-08
2158 2.102647e-08
2159 1.489539e-08
2160 1.015961e-08
2161 7.161870e-09
2162 4.784626e-09
2163 3.104722e-09
2164 0.000000e+00
2165 0.000000e+00
2166 0.000000e+00
2167 0.000000e+00
2168 0.000000e+00
2169 0.000000e+00
2170 0.000000e+00
2171 0.000000e+00
2172 0.000000e+00
2173 0.000000e+00
2174 0.000000e+00
2175 2.538371e-05
2176 2.054466e-05
2177 1.674334e-05
2178 1.350435e-05
2179 9.983886e-06
2180 7.021027e-06
2181 5.018734e-06
2182 3.490646e-06
2183 2.456900e-06
2184 0.000000e+00
2185 0.000000e+00
2186 0.000000e+00
2187 0.000000e+00
2188 0.000000e+00
2189 0.000000e+00
2190 0.000000e+00
2191 0.000000e+00
2192 0.000000e+00
2193 0.000000e+00
2194 0.000000e+00
2195 0.000000e+00
2196 0.000000e+00
2197 0.000000e+00
2198 0.000000e+00
2199 0.000000e+00
2200 1.456664e-05
2201 1.268858e-05
2202 1.036353e-05
2203 8.321320e-06
2204 6.859041e-06
2205 5.433319e-06
2206 3.739669e-06
2207 2.694899e-06
2208 1.854897e-06
2209 1.289154e-06
2210 8.932933e-07
2211 0.000000e+00
2212 0.000000e+00
2213 0.000000e+00
2214 0.000000e+00
2215 0.000000e+00
2216 0.000000e+00
2217 0.000000e+00
2218 0.000000e+00
2219 0.000000e+00
2220 0.000000e+00
2221 0.000000e+00
2222 0.000000e+00
2223 0.000000e+00
2224 0.000000e+00
2225 9.826779e-06
2226 9.217365e-06
2227 7.990046e-06
2228 6.494311e-06
2229 5.208837e-06
2230 4.310564e-06
2231 3.400034e-06
2232 2.291266e-06
2233 1.675454e-06
2234 1.123983e-06
2235 7.788403e-07
2236 5.335132e-07
2237 0.000000e+00
2238 0.000000e+00
2239 0.000000e+00
2240 0.000000e+00
2241 0.000000e+00
2242 0.000000e+00
2243 0.000000e+00
2244 0.000000e+00
2245 0.000000e+00
2246 0.000000e+00
2247 0.000000e+00
2248 0.000000e+00
2249 0.000000e+00
2250 6.881863e-06
2251 6.781428e-06
2252 6.215577e-06
2253 5.262745e-06
2254 4.227520e-06
2255 3.415781e-06
2256 2.840065e-06
2257 2.126715e-06
2258 1.419528e-06
2259 1.045700e-06
2260 6.917001e-07
2261 4.686510e-07
2262 3.197649e-07
2263 0.000000e+00
2264 0.000000e+00
2265 0.000000e+00
2266 0.000000e+00
2267 0.000000e+00
2268 0.000000e+00
2269 0.000000e+00
2270 0.000000e+00
2271 0.000000e+00
2272 0.000000e+00
2273 0.000000e+00
2274 0.000000e+00
2275 4.982343e-06
2276 5.079371e-06
2277 4.862049e-06
2278 4.302955e-06
2279 3.538733e-06
2280 2.826714e-06
2281 2.323045e-06
2282 1.895483e-06
2283 1.299484e-06
2284 9.219524e-07
2285 6.277245e-07
2286 4.310342e-07
2287 2.866929e-07
2288 0.000000e+00
2289 0.000000e+00
2290 0.000000e+00
2291 0.000000e+00
2292 0.000000e+00
2293 0.000000e+00
2294 0.000000e+00
2295 0.000000e+00
2296 0.000000e+00
2297 0.000000e+00
2298 0.000000e+00
2299 0.000000e+00
2300 3.723338e-06
2301 3.890346e-06
2302 3.847464e-06
2303 3.539843e-06
2304 3.005182e-06
2305 2.414308e-06
2306 1.947413e-06
2307 1.623447e-06
2308 1.223575e-06
2309 8.061138e-07
2310 5.981340e-07
2311 3.882809e-07
2312 2.587916e-07
2313 1.729147e-07
2314 0.000000e+00
2315 0.000000e+00
2316 0.000000e+00
2317 0.000000e+00
2318 0.000000e+00
2319 0.000000e+00
2320 0.000000e+00
2321 0.000000e+00
2322 0.000000e+00
2323 0.000000e+00
2324 0.000000e+00
2325 2.885572e-06
2326 3.071380e-06
2327 3.113508e-06
2328 2.956655e-06
2329 2.591874e-06
2330 2.116541e-06
2331 1.691030e-06
2332 1.397328e-06
2333 1.128036e-06
2334 7.534120e-07
2335 5.469145e-07
2336 3.585811e-07
2337 2.456614e-07
2338 1.610905e-07
2339 0.000000e+00
2340 0.000000e+00
2341 0.000000e+00
2342 0.000000e+00
2343 0.000000e+00
2344 0.000000e+00
2345 0.000000e+00
2346 0.000000e+00
2347 0.000000e+00
2348 0.000000e+00
2349 0.000000e+00
2350 2.162071e-06
2351 2.335970e-06
2352 2.415386e-06
2353 2.354627e-06
2354 2.127365e-06
2355 1.776202e-06
2356 1.419418e-06
2357 1.154946e-06
2358 9.605300e-07
2359 6.876657e-07
2360 4.636855e-07
2361 3.314582e-07
2362 2.201424e-07
2363 1.425480e-07
2364 0.000000e+00
2365 0.000000e+00
2366 0.000000e+00
2367 0.000000e+00
2368 0.000000e+00
2369 0.000000e+00
2370 0.000000e+00
2371 0.000000e+00
2372 0.000000e+00
2373 0.000000e+00
2374 0.000000e+00
2375 1.375982e-06
2376 1.508911e-06
2377 1.590729e-06
2378 1.591463e-06
2379 1.485168e-06
2380 1.277777e-06
2381 1.032071e-06
2382 8.280234e-07
2383 6.897949e-07
2384 5.374266e-07
2385 3.498667e-07
2386 2.611609e-07
2387 1.653480e-07
2388 1.101788e-07
2389 7.158728e-08
2390 0.000000e+00
2391 0.000000e+00
2392 0.000000e+00
2393 0.000000e+00
2394 0.000000e+00
2395 0.000000e+00
2396 0.000000e+00
2397 0.000000e+00
2398 0.000000e+00
2399 0.000000e+00
2400 7.214736e-07
2401 8.025179e-07
2402 8.616108e-07
2403 8.832152e-07
2404 8.508654e-07
2405 7.578797e-07
2406 6.256061e-07
2407 4.992687e-07
2408 4.094420e-07
2409 3.372108e-07
2410 2.317752e-07
2411 1.616732e-07
2412 1.096628e-07
2413 7.396559e-08
2414 4.718316e-08
2415 0.000000e+00
2416 0.000000e+00
2417 0.000000e+00
2418 0.000000e+00
2419 0.000000e+00
2420 0.000000e+00
2421 0.000000e+00
2422 0.000000e+00
2423 0.000000e+00
2424 0.000000e+00
2425 7.881846e+02
2426 3.042855e+02
2427 3.250793e+01
2428 8.934086e+00
2429 6.875615e+02
2430 2.267549e+02
2431 1.936745e+01
2432 4.400336e+00
2433 4.639349e+02
2434 1.294362e+02
2435 8.697186e+00
2436 1.623123e+00
2437 2.623568e+02
2438 6.153555e+01
2439 3.215725e+00
2440 4.917282e-01
2441 1.623355e-08
2442 1.222985e-08
2443 9.019979e-09
2444 6.402698e-09
2445 4.474728e-09
2446 2.063449e-08
2447 1.539717e-08
2448 1.103498e-08
2449 7.715467e-09
2450 5.348828e-09
2451 2.672343e-08
2452 1.934527e-08
2453 1.356471e-08
2454 9.408457e-09
2455 6.404621e-09
2456 3.148844e-08
2457 2.234088e-08
2458 1.552293e-08
2459 1.069686e-08
2460 7.203787e-09
2461 2.101177e-08
2462 1.582080e-08
2463 1.168819e-08
2464 8.300327e-09
2465 5.801552e-09
2466 2.668741e-08
2467 1.993402e-08
2468 1.430669e-08
2469 9.999928e-09
2470 6.937067e-09
2471 3.457073e-08
2472 2.507727e-08
2473 1.757983e-08
2474 1.220038e-08
2475 8.307677e-09
2476 4.076865e-08
2477 2.896368e-08
2478 2.011631e-08
2479 1.387359e-08
2480 9.345525e-09
2481 2.464981e-08
2482 1.855485e-08
2483 1.371974e-08
2484 9.745168e-09
2485 6.811786e-09
2486 3.129593e-08
2487 2.338829e-08
2488 1.679775e-08
2489 1.173929e-08
2490 8.146356e-09
2491 4.054546e-08
2492 2.944157e-08
2493 2.063691e-08
2494 1.432614e-08
2495 9.756692e-09
2496 4.783441e-08
2497 3.400623e-08
2498 2.361366e-08
2499 1.629237e-08
2500 1.097629e-08
2501 2.761640e-08
2502 2.078428e-08
2503 1.537642e-08
2504 1.092345e-08
2505 7.635656e-09
2506 3.505387e-08
2507 2.620502e-08
2508 1.882922e-08
2509 1.315776e-08
2510 9.132559e-09
2511 4.541745e-08
2512 3.300066e-08
2513 2.312997e-08
2514 1.605975e-08
2515 1.093838e-08
2516 5.359611e-08
2517 3.811848e-08
2518 2.646575e-08
2519 1.826494e-08
2520 1.230619e-08
2521 3.003822e-08
2522 2.260430e-08
2523 1.672890e-08
2524 1.188534e-08
2525 8.308213e-09
2526 3.812159e-08
2527 2.850466e-08
2528 2.048763e-08
2529 1.431573e-08
2530 9.937629e-09
2531 4.939476e-08
2532 3.590615e-08
2533 2.516519e-08
2534 1.747496e-08
2535 1.190304e-08
2536 5.830004e-08
2537 4.147553e-08
2538 2.879408e-08
2539 1.987521e-08
2540 1.339184e-08
2541 3.213049e-08
2542 2.417667e-08
2543 1.789727e-08
2544 1.271630e-08
2545 8.889216e-09
2546 4.077196e-08
2547 3.049124e-08
2548 2.192028e-08
2549 1.531607e-08
2550 1.063311e-08
2551 5.283087e-08
2552 3.841613e-08
2553 2.692336e-08
2554 1.869752e-08
2555 1.273637e-08
2556 6.236363e-08
2557 4.437559e-08
2558 3.080546e-08
2559 2.126628e-08
2560 1.432969e-08
2561 3.482721e-08
2562 2.620330e-08
2563 1.940318e-08
2564 1.378731e-08
2565 9.638070e-09
2566 4.418804e-08
2567 3.305175e-08
2568 2.376681e-08
2569 1.660540e-08
2570 1.152951e-08
2571 5.725966e-08
2572 4.165124e-08
2573 2.918947e-08
2574 2.027327e-08
2575 1.381046e-08
2576 6.760119e-08
2577 4.811346e-08
2578 3.339793e-08
2579 2.305922e-08
2580 1.553850e-08
2581 1.295873e-08
2582 9.399768e-09
2583 6.995936e-09
2584 5.206216e-09
2585 3.684605e-09
2586 1.590270e-08
2587 1.170926e-08
2588 8.771490e-09
2589 6.332905e-09
2590 4.376945e-09
2591 2.008370e-08
2592 1.507387e-08
2593 1.105926e-08
2594 7.698115e-09
2595 5.313541e-09
2596 2.368170e-08
2597 1.774188e-08
2598 1.268654e-08
2599 8.715471e-09
2600 6.018759e-09
2601 1.840221e-08
2602 1.333745e-08
2603 9.913546e-09
2604 7.389002e-09
2605 5.233094e-09
2606 2.257368e-08
2607 1.659262e-08
2608 1.243478e-08
2609 8.994376e-09
2610 6.213678e-09
2611 2.847301e-08
2612 2.134931e-08
2613 1.570142e-08
2614 1.092898e-08
2615 7.545034e-09
2616 3.353767e-08
2617 2.514411e-08
2618 1.801872e-08
2619 1.236814e-08
2620 8.547852e-09
2621 2.285563e-08
2622 1.655883e-08
2623 1.230029e-08
2624 9.174724e-09
2625 6.499943e-09
2626 2.803124e-08
2627 2.058744e-08
2628 1.543156e-08
2629 1.117177e-08
2630 7.716326e-09
2631 3.533600e-08
2632 2.648279e-08
2633 1.949920e-08
2634 1.357218e-08
2635 9.370646e-09
2636 4.160011e-08
2637 3.119947e-08
2638 2.238109e-08
2639 1.535638e-08
2640 1.061694e-08
2641 2.649142e-08
2642 1.918879e-08
2643 1.424884e-08
2644 1.063260e-08
2645 7.534206e-09
2646 3.248683e-08
2647 2.384884e-08
2648 1.787816e-08
2649 1.294941e-08
2650 8.943098e-09
2651 4.093900e-08
2652 3.067381e-08
2653 2.259973e-08
2654 1.573011e-08
2655 1.086109e-08
2656 4.818235e-08
2657 3.614312e-08
2658 2.594256e-08
2659 1.779599e-08
2660 1.230616e-08
2661 2.963167e-08
2662 2.146030e-08
2663 1.593182e-08
2664 1.189177e-08
2665 8.427503e-09
2666 3.633514e-08
2667 2.666573e-08
2668 1.999129e-08
2669 1.448476e-08
2670 1.000266e-08
2671 4.577832e-08
2672 3.429360e-08
2673 2.527767e-08
2674 1.759392e-08
2675 1.214839e-08
2676 5.386745e-08
2677 4.041296e-08
2678 2.901861e-08
2679 1.990309e-08
2680 1.376514e-08
2681 3.368020e-08
2682 2.438881e-08
2683 1.810157e-08
2684 1.351515e-08
2685 9.579176e-09
2686 4.129652e-08
2687 3.029735e-08
2688 2.271561e-08
2689 1.646420e-08
2690 1.136870e-08
2691 5.201736e-08
2692 3.896036e-08
2693 2.873018e-08
2694 1.999681e-08
2695 1.380802e-08
2696 6.119689e-08
2697 4.591780e-08
2698 3.298438e-08
2699 2.261965e-08
2700 1.564612e-08
2701 1.073911e-08
2702 7.790738e-09
2703 5.575063e-09
2704 4.129962e-09
2705 3.045355e-09
2706 1.317462e-08
2707 9.382882e-09
2708 6.851974e-09
2709 5.110029e-09
2710 3.649629e-09
2711 1.626145e-08
2712 1.168152e-08
2713 8.750668e-09
2714 6.360875e-09
2715 4.396727e-09
2716 1.856873e-08
2717 1.362931e-08
2718 1.020042e-08
2719 7.212055e-09
2720 4.930971e-09
2721 1.665858e-08
2722 1.209891e-08
2723 8.651815e-09
2724 6.399284e-09
2725 4.725453e-09
2726 2.044872e-08
2727 1.456684e-08
2728 1.061919e-08
2729 7.919088e-09
2730 5.667796e-09
2731 2.524876e-08
2732 1.811449e-08
2733 1.355030e-08
2734 9.871561e-09
2735 6.825326e-09
2736 2.882077e-08
2737 2.111094e-08
2738 1.580038e-08
2739 1.119912e-08
2740 7.649311e-09
2741 2.152795e-08
2742 1.564314e-08
2743 1.118285e-08
2744 8.265873e-09
2745 6.107533e-09
2746 2.643267e-08
2747 1.883146e-08
2748 1.371790e-08
2749 1.022965e-08
2750 7.328085e-09
2751 3.264228e-08
2752 2.340615e-08
2753 1.749795e-08
2754 1.275954e-08
2755 8.823210e-09
2756 3.725452e-08
2757 2.726468e-08
2758 2.040639e-08
2759 1.447914e-08
2760 9.885427e-09
2761 2.573388e-08
2762 1.870448e-08
2763 1.336903e-08
2764 9.878144e-09
2765 7.301309e-09
2766 3.160134e-08
2767 2.251503e-08
2768 1.639442e-08
2769 1.222540e-08
2770 8.762167e-09
2771 3.902847e-08
2772 2.797684e-08
2773 2.090775e-08
2774 1.525405e-08
2775 1.054889e-08
2776 4.453921e-08
2777 3.257999e-08
2778 2.438485e-08
2779 1.731227e-08
2780 1.181688e-08
2781 3.115601e-08
2782 2.265104e-08
2783 1.618739e-08
2784 1.195663e-08
2785 8.840280e-09
2786 3.826459e-08
2787 2.726376e-08
2788 1.984489e-08
2789 1.479825e-08
2790 1.061093e-08
2791 4.726129e-08
2792 3.386919e-08
2793 2.530353e-08
2794 1.846987e-08
2795 1.277357e-08
2796 5.393036e-08
2797 3.943229e-08
2798 2.951373e-08
2799 2.096464e-08
2800 1.430684e-08
2801 9.502122e-09
2802 7.163666e-09
2803 5.057416e-09
2804 3.569038e-09
2805 2.674420e-09
2806 1.187198e-08
2807 8.580118e-09
2808 5.972195e-09
2809 4.365674e-09
2810 3.269992e-09
2811 1.488170e-08
2812 1.036708e-08
2813 7.360636e-09
2814 5.583449e-09
2815 3.966746e-09
2816 1.687430e-08
2817 1.167080e-08
2818 8.550767e-09
2819 6.452027e-09
2820 4.396342e-09
2821 1.539275e-08
2822 1.161634e-08
2823 8.203789e-09
2824 5.785142e-09
2825 4.330054e-09
2826 1.924149e-08
2827 1.391598e-08
2828 9.682459e-09
2829 7.069174e-09
2830 5.294439e-09
2831 2.413386e-08
2832 1.681098e-08
2833 1.192138e-08
2834 9.035930e-09
2835 6.429389e-09
2836 2.736774e-08
2837 1.891376e-08
2838 1.383869e-08
2839 1.044385e-08
2840 7.129242e-09
2841 2.052516e-08
2842 1.549622e-08
2843 1.094553e-08
2844 7.716138e-09
2845 5.772532e-09
2846 2.566268e-08
2847 1.856554e-08
2848 1.291545e-08
2849 9.424646e-09
2850 7.058240e-09
2851 3.219587e-08
2852 2.242602e-08
2853 1.589513e-08
2854 1.204378e-08
2855 8.575166e-09
2856 3.651148e-08
2857 2.522483e-08
2858 1.844570e-08
2859 1.392163e-08
2860 9.510613e-09
2861 2.714169e-08
2862 2.049803e-08
2863 1.448009e-08
2864 1.020551e-08
2865 7.632125e-09
2866 3.394066e-08
2867 2.455959e-08
2868 1.708332e-08
2869 1.246124e-08
2870 9.332074e-09
2871 4.258914e-08
2872 2.966476e-08
2873 2.101794e-08
2874 1.592141e-08
2875 1.134143e-08
2876 4.829928e-08
2877 3.336086e-08
2878 2.438490e-08
2879 1.840507e-08
2880 1.258060e-08
