0 2.096947e-09
1 1.376950e-09
2 8.713962e-10
3 5.474674e-10
4 3.498615e-10
5 2.285918e-10
6 1.513364e-10
7 9.948186e-11
8 6.345348e-11
9 3.854101e-11
10 2.203480e-11
11 1.181668e-11
12 5.971197e-12
13 2.870488e-12
14 1.329065e-12
15 4.069281e-09
16 2.738078e-09
17 1.759589e-09
18 1.096944e-09
19 6.894352e-10
20 4.425252e-10
21 2.907634e-10
22 1.926302e-10
23 1.256436e-10
24 7.888844e-11
25 4.684897e-11
26 2.609548e-11
27 1.363124e-11
28 6.726543e-12
29 3.172379e-12
30 4.609945e-09
31 3.121143e-09
32 2.017879e-09
33 1.258843e-09
34 7.883860e-10
35 5.036223e-10
36 3.297318e-10
37 2.183353e-10
38 1.429139e-10
39 9.031014e-11
40 5.412149e-11
41 3.043921e-11
42 1.604718e-11
43 7.979872e-12
44 3.785372e-12
45 4.893727e-09
46 3.323037e-09
47 2.153783e-09
48 1.344163e-09
49 8.405240e-10
50 5.358400e-10
51 3.501698e-10
52 2.318469e-10
53 1.519803e-10
54 9.631970e-11
55 5.793622e-11
56 3.272437e-11
57 1.732130e-11
58 8.642126e-12
59 4.109922e-12
60 5.098709e-09
61 3.468478e-09
62 2.251912e-09
63 1.405782e-09
64 8.782590e-10
65 5.591015e-10
66 3.650151e-10
67 2.416299e-10
68 1.585423e-10
69 1.006747e-10
70 6.070814e-11
71 3.437963e-11
72 1.824226e-11
73 9.122472e-12
74 4.345060e-12
75 5.264237e-09
76 3.585790e-09
77 2.331268e-09
78 1.455502e-09
79 9.087084e-10
80 5.778992e-10
81 3.769528e-10
82 2.494840e-10
83 1.638377e-10
84 1.041755e-10
85 6.293673e-11
86 3.571317e-11
87 1.898485e-11
88 9.506834e-12
89 4.533407e-12
90 5.407843e-09
91 3.687897e-09
92 2.400040e-09
93 1.498811e-09
94 9.350529e-10
95 5.941687e-10
96 3.873423e-10
97 2.563239e-10
98 1.684125e-10
99 1.072288e-10
100 6.487597e-11
101 3.687493e-11
102 1.963240e-11
103 9.843426e-12
104 4.698176e-12
105 5.515627e-09
106 3.764390e-09
107 2.451459e-09
108 1.531086e-09
109 9.548933e-10
110 6.063932e-10
111 3.951214e-10
112 2.614756e-10
113 1.718625e-10
114 1.095062e-10
115 6.632424e-11
116 3.773919e-11
117 2.011493e-11
118 1.009440e-11
119 4.820878e-12
120 5.614180e-09
121 3.834871e-09
122 2.499021e-09
123 1.560537e-09
124 9.729716e-10
125 6.176713e-10
126 4.021636e-10
127 2.661459e-10
128 1.750161e-10
129 1.115892e-10
130 6.765080e-11
131 3.853264e-11
132 2.054718e-11
133 1.032100e-11
134 4.933487e-12
135 5.730750e-09
136 3.917406e-09
137 2.554839e-09
138 1.595942e-09
139 9.944734e-10
140 6.308757e-10
141 4.106833e-10
142 2.717371e-10
143 1.788130e-10
144 1.140955e-10
145 6.923935e-11
146 3.947770e-11
147 2.107737e-11
148 1.059411e-11
149 5.068044e-12
150 1.002229e-08
151 7.000353e-09
152 4.671203e-09
153 2.956962e-09
154 1.825024e-09
155 1.140907e-09
156 7.305936e-10
157 4.796156e-10
158 3.172410e-10
159 2.061531e-10
160 1.285772e-10
161 7.570471e-11
162 4.175832e-11
163 2.159462e-11
164 1.055611e-11
165 1.249570e-08
166 8.843025e-09
167 5.975973e-09
168 3.833642e-09
169 2.363941e-09
170 1.467405e-09
171 9.295187e-10
172 6.051962e-10
173 3.996192e-10
174 2.613421e-10
175 1.651119e-10
176 9.891744e-11
177 5.560944e-11
178 2.928300e-11
179 1.453087e-11
180 1.388803e-08
181 9.891695e-09
182 6.722087e-09
183 4.339121e-09
184 2.678193e-09
185 1.657365e-09
186 1.044840e-09
187 6.774427e-10
188 4.467576e-10
189 2.927612e-10
190 1.859367e-10
191 1.122201e-10
192 6.361910e-11
193 3.377799e-11
194 1.688145e-11
195 1.490200e-08
196 1.065665e-08
197 7.266937e-09
198 4.708197e-09
199 2.908350e-09
200 1.796313e-09
201 1.129055e-09
202 7.302982e-10
203 4.811710e-10
204 3.157317e-10
205 2.011560e-10
206 1.219433e-10
207 6.947927e-11
208 3.707057e-11
209 1.860339e-11
210 1.571727e-08
211 1.127130e-08
212 7.704885e-09
213 5.005045e-09
214 3.092751e-09
215 1.908027e-09
216 1.197021e-09
217 7.728269e-10
218 5.088617e-10
219 3.341901e-10
220 2.133852e-10
221 1.297569e-10
222 7.418816e-11
223 3.971678e-11
224 1.998949e-11
225 1.643007e-08
226 1.180813e-08
227 8.087452e-09
228 5.264543e-09
229 3.254031e-09
230 2.005471e-09
231 1.256043e-09
232 8.098703e-10
233 5.329496e-10
234 3.502598e-10
235 2.240400e-10
236 1.365780e-10
237 7.829928e-11
238 4.202468e-11
239 2.119770e-11
240 1.696084e-08
241 1.220870e-08
242 8.371471e-09
243 5.457132e-09
244 3.374028e-09
245 2.078314e-09
246 1.300104e-09
247 8.375302e-10
248 5.509648e-10
249 3.622612e-10
250 2.319970e-10
251 1.416440e-10
252 8.135081e-11
253 4.374154e-11
254 2.209671e-11
255 1.744498e-08
256 1.257233e-08
257 8.630197e-09
258 5.632639e-09
259 3.484434e-09
260 2.144940e-09
261 1.340675e-09
262 8.625033e-10
263 5.674152e-10
264 3.732285e-10
265 2.392522e-10
266 1.462816e-10
267 8.414512e-11
268 4.529976e-11
269 2.291700e-11
270 1.802265e-08
271 1.300979e-08
272 8.942720e-09
273 5.843962e-09
274 3.614857e-09
275 2.224309e-09
276 1.388751e-09
277 8.927932e-10
278 5.870109e-10
279 3.862954e-10
280 2.479126e-10
281 1.518160e-10
282 8.748034e-11
283 4.718368e-11
284 2.389846e-11
285 1.654846e-08
286 1.195032e-08
287 8.209016e-09
288 5.375011e-09
289 3.334129e-09
290 2.052173e-09
291 1.281613e-09
292 8.230176e-10
293 5.399589e-10
294 3.546326e-10
295 2.272750e-10
296 1.391345e-10
297 8.024462e-11
298 4.336129e-11
299 2.201021e-11
300 1.908381e-08
301 1.394551e-08
302 9.659093e-09
303 6.386659e-09
304 3.989551e-09
305 2.445816e-09
306 1.518506e-09
307 9.675118e-10
308 6.316403e-10
309 4.148814e-10
310 2.673622e-10
311 1.652805e-10
312 9.651315e-11
313 5.285076e-11
314 2.716246e-11
315 2.097651e-08
316 1.543729e-08
317 1.074759e-08
318 7.149930e-09
319 4.485919e-09
320 2.744125e-09
321 1.698531e-09
322 1.076993e-09
323 7.007850e-10
324 4.602211e-10
325 2.974807e-10
326 1.849345e-10
327 1.087751e-10
328 6.003287e-11
329 3.108117e-11
330 2.249622e-08
331 1.664386e-08
332 1.162833e-08
333 7.766465e-09
334 4.887922e-09
335 2.986542e-09
336 1.844142e-09
337 1.165568e-09
338 7.567991e-10
339 4.968586e-10
340 3.218199e-10
341 2.008186e-10
342 1.186879e-10
343 6.584338e-11
344 3.425531e-11
345 2.382847e-08
346 1.769640e-08
347 1.239571e-08
348 8.303500e-09
349 5.238053e-09
350 3.197671e-09
351 1.971268e-09
352 1.242780e-09
353 8.054108e-10
354 5.287929e-10
355 3.430394e-10
356 2.146667e-10
357 1.273305e-10
358 7.090890e-11
359 3.702157e-11
360 2.481769e-08
361 1.847969e-08
362 1.296936e-08
363 8.703035e-09
364 5.499688e-09
365 3.355528e-09
366 2.065843e-09
367 1.300333e-09
368 8.419691e-10
369 5.526913e-10
370 3.588437e-10
371 2.249795e-10
372 1.337646e-10
373 7.467841e-11
374 3.907997e-11
375 2.572047e-08
376 1.919830e-08
377 1.349221e-08
378 9.069256e-09
379 5.737628e-09
380 3.498312e-09
381 2.152274e-09
382 1.352959e-09
383 8.750949e-10
384 5.743867e-10
385 3.732967e-10
386 2.344126e-10
387 1.396503e-10
388 7.812852e-11
389 4.096424e-11
390 2.680334e-08
391 2.005398e-08
392 1.411739e-08
393 9.507233e-09
394 6.023401e-09
395 3.671100e-09
396 2.255855e-09
397 1.415871e-09
398 9.148356e-10
399 6.003850e-10
400 3.906010e-10
401 2.456804e-10
402 1.466805e-10
403 8.224902e-11
404 4.321484e-11
405 2.268911e-08
406 1.686888e-08
407 1.182116e-08
408 7.914107e-09
409 5.008590e-09
410 3.060461e-09
411 1.888424e-09
412 1.189636e-09
413 7.698209e-10
414 5.044654e-10
415 3.267348e-10
416 2.042974e-10
417 1.212031e-10
418 6.758034e-11
419 3.535672e-11
420 2.551341e-08
421 1.919498e-08
422 1.355660e-08
423 9.147861e-09
424 5.841434e-09
425 3.567681e-09
426 2.193356e-09
427 1.371586e-09
428 8.822181e-10
429 5.766839e-10
430 3.743565e-10
431 2.355969e-10
432 1.411102e-10
433 7.956663e-11
434 4.210373e-11
435 2.782564e-08
436 2.111143e-08
437 1.499713e-08
438 1.016964e-08
439 6.533122e-09
440 3.991744e-09
441 2.447553e-09
442 1.523518e-09
443 9.756897e-10
444 6.365353e-10
445 4.137351e-10
446 2.614663e-10
447 1.575838e-10
448 8.951201e-11
449 4.772367e-11
450 2.985315e-08
451 2.278464e-08
452 1.625445e-08
453 1.106292e-08
454 7.137786e-09
455 4.362872e-09
456 2.669992e-09
457 1.656323e-09
458 1.057252e-09
459 6.888669e-10
460 4.481782e-10
461 2.840900e-10
462 1.719919e-10
463 9.821270e-11
464 5.264189e-11
465 3.135750e-08
466 2.403351e-08
467 1.719123e-08
468 1.172811e-08
469 7.588364e-09
470 4.640150e-09
471 2.835570e-09
472 1.755421e-09
473 1.118476e-09
474 7.278748e-10
475 4.738512e-10
476 3.009528e-10
477 1.827291e-10
478 1.046947e-10
479 5.630548e-11
480 3.273280e-08
481 2.517426e-08
482 1.804614e-08
483 1.233688e-08
484 8.000825e-09
485 4.892596e-09
486 2.987369e-09
487 1.845715e-09
488 1.174043e-09
489 7.635450e-10
490 4.972846e-10
491 3.163421e-10
492 1.925297e-10
493 1.106133e-10
494 5.965087e-11
495 3.438650e-08
496 2.653393e-08
497 1.906981e-08
498 1.306360e-08
499 8.492710e-09
500 5.194783e-09
501 3.168343e-09
502 1.953746e-09
503 1.240565e-09
504 8.061424e-10
505 5.253019e-10
506 3.347717e-10
507 2.042528e-10
508 1.176910e-10
509 6.365105e-11
510 2.929081e-08
511 2.240063e-08
512 1.600590e-08
513 1.089931e-08
514 7.047773e-09
515 4.318387e-09
516 2.641741e-09
517 1.637346e-09
518 1.043731e-09
519 6.788266e-10
520 4.411008e-10
521 2.795129e-10
522 1.693358e-10
523 9.685686e-11
524 5.204317e-11
525 3.250854e-08
526 2.516013e-08
527 1.813874e-08
528 1.243334e-08
529 8.109063e-09
530 4.989293e-09
531 3.040964e-09
532 1.873955e-09
533 1.186646e-09
534 7.684719e-10
535 4.992961e-10
536 3.177078e-10
537 1.939306e-10
538 1.120100e-10
539 6.083054e-11
540 3.534531e-08
541 2.760205e-08
542 2.003088e-08
543 1.379636e-08
544 9.052891e-09
545 5.587781e-09
546 3.397570e-09
547 2.085404e-09
548 1.314107e-09
549 8.482403e-10
550 5.510016e-10
551 3.516076e-10
552 2.157619e-10
553 1.254765e-10
554 6.865569e-11
555 3.746197e-08
556 2.942885e-08
557 2.144423e-08
558 1.481344e-08
559 9.757951e-09
560 6.035210e-09
561 3.663142e-09
562 2.243576e-09
563 1.409346e-09
564 9.077757e-10
565 5.896001e-10
566 3.769073e-10
567 2.320520e-10
568 1.355237e-10
569 7.449475e-11
570 3.938806e-08
571 3.109229e-08
572 2.273200e-08
573 1.574396e-08
574 1.040207e-08
575 6.443697e-09
576 3.907116e-09
577 2.387700e-09
578 1.496453e-09
579 9.622658e-10
580 6.248485e-10
581 4.000096e-10
582 2.469309e-10
583 1.447028e-10
584 7.982920e-11
585 4.170433e-08
586 3.308140e-08
587 2.427428e-08
588 1.685584e-08
589 1.117163e-08
590 6.932134e-09
591 4.198133e-09
592 2.560439e-09
593 1.600558e-09
594 1.027374e-09
595 6.670623e-10
596 4.276643e-10
597 2.647394e-10
598 1.556870e-10
599 8.621204e-11
600 3.670888e-08
601 2.887874e-08
602 2.108402e-08
603 1.457660e-08
604 9.610964e-09
605 5.964940e-09
606 3.620000e-09
607 2.217220e-09
608 1.390959e-09
609 8.942410e-10
610 5.798655e-10
611 3.703538e-10
612 2.279999e-10
613 1.332860e-10
614 7.340539e-11
615 4.053146e-08
616 3.228555e-08
617 2.381190e-08
618 1.657449e-08
619 1.101309e-08
620 6.885622e-09
621 4.168165e-09
622 2.542809e-09
623 1.583730e-09
624 1.012239e-09
625 6.548447e-10
626 4.191070e-10
627 2.595514e-10
628 1.530465e-10
629 8.515230e-11
630 4.340139e-08
631 3.485598e-08
632 2.586831e-08
633 1.808531e-08
634 1.207420e-08
635 7.583756e-09
636 4.584715e-09
637 2.790413e-09
638 1.730379e-09
639 1.101507e-09
640 7.115550e-10
641 4.559431e-10
642 2.833689e-10
643 1.679675e-10
644 9.403304e-11
645 4.601861e-08
646 3.720332e-08
647 2.775094e-08
648 1.946963e-08
649 1.304677e-08
650 8.223414e-09
651 4.966864e-09
652 3.017078e-09
653 1.864195e-09
654 1.183367e-09
655 7.634993e-10
656 4.896764e-10
657 3.051814e-10
658 1.816361e-10
659 1.021693e-10
660 4.916055e-08
661 4.001642e-08
662 3.000640e-08
663 2.111963e-08
664 1.420718e-08
665 8.987487e-09
666 5.423045e-09
667 3.288112e-09
668 2.024410e-09
669 1.281145e-09
670 8.255626e-10
671 5.299929e-10
672 3.312489e-10
673 1.979675e-10
674 1.118908e-10
675 4.546741e-08
676 3.682770e-08
677 2.754976e-08
678 1.936218e-08
679 1.298768e-08
680 8.215434e-09
681 4.968571e-09
682 3.018282e-09
683 1.861570e-09
684 1.179015e-09
685 7.590348e-10
686 4.861666e-10
687 3.029274e-10
688 1.804691e-10
689 1.017278e-10
690 4.928563e-08
691 4.036009e-08
692 3.048022e-08
693 2.156415e-08
694 1.455157e-08
695 9.275010e-09
696 5.612525e-09
697 3.400021e-09
698 2.084234e-09
699 1.312018e-09
700 8.415328e-10
701 5.389704e-10
702 3.369906e-10
703 2.020168e-10
704 1.148000e-10
705 5.279156e-08
706 4.361668e-08
707 3.319556e-08
708 2.360681e-08
709 1.600213e-08
710 1.025800e-08
711 6.211559e-09
712 3.754925e-09
713 2.291128e-09
714 1.435557e-09
715 9.180590e-10
716 5.878697e-10
717 3.685098e-10
718 2.219570e-10
719 1.269051e-10
720 5.699120e-08
721 4.751595e-08
722 3.643290e-08
723 2.604231e-08
724 1.773514e-08
725 1.143377e-08
726 6.929722e-09
727 4.179823e-09
728 2.538797e-09
729 1.583366e-09
730 1.009566e-09
731 6.463489e-10
732 4.062006e-10
733 2.457972e-10
734 1.413777e-10
735 5.399120e-08
736 4.482295e-08
737 3.428326e-08
738 2.447440e-08
739 1.663385e-08
740 1.070878e-08
741 6.502056e-09
742 3.924806e-09
743 2.388352e-09
744 1.491410e-09
745 9.509530e-10
746 6.080874e-10
747 3.813589e-10
748 2.301939e-10
749 1.320736e-10
750 5.840205e-08
751 4.903382e-08
752 3.790071e-08
753 2.726092e-08
754 1.863340e-08
755 1.208791e-08
756 7.366376e-09
757 4.433402e-09
758 2.683936e-09
759 1.665002e-09
760 1.056207e-09
761 6.741928e-10
762 4.236400e-10
763 2.570199e-10
764 1.485690e-10
765 6.370064e-08
766 5.409371e-08
767 4.223745e-08
768 3.060810e-08
769 2.103799e-08
770 1.374844e-08
771 8.409381e-09
772 5.047026e-09
773 3.040176e-09
774 1.874110e-09
775 1.182941e-09
776 7.537305e-10
777 4.744747e-10
778 2.892590e-10
779 1.683798e-10
780 6.387628e-08
781 5.438613e-08
782 4.262191e-08
783 3.098836e-08
784 2.134024e-08
785 1.397837e-08
786 8.585011e-09
787 5.148267e-09
788 3.099975e-09
789 1.905893e-09
790 1.199368e-09
791 7.624428e-10
792 4.794450e-10
793 2.923719e-10
794 1.704598e-10
795 7.056655e-08
796 6.095467e-08
797 4.844415e-08
798 3.561471e-08
799 2.471674e-08
800 1.634043e-08
801 1.012035e-08
802 6.050912e-09
803 3.626083e-09
804 2.209411e-09
805 1.378838e-09
806 8.724539e-10
807 5.486751e-10
808 3.361099e-10
809 1.975376e-10
810 7.939153e-08
811 6.987362e-08
812 5.665736e-08
813 4.237862e-08
814 2.975445e-08
815 1.990440e-08
816 1.251371e-08
817 7.477538e-09
818 4.460694e-09
819 2.683548e-09
820 1.652220e-09
821 1.035231e-09
822 6.487836e-10
823 3.986631e-10
824 2.363434e-10
825 5.459366e-07
826 4.005429e-07
827 2.967003e-07
828 1.926176e-07
829 1.160714e-07
830 6.884235e-08
831 4.166077e-08
832 2.641986e-08
833 1.764680e-08
834 0.000000e+00
835 0.000000e+00
836 0.000000e+00
837 0.000000e+00
838 0.000000e+00
839 0.000000e+00
840 7.727708e-07
841 5.676928e-07
842 4.204681e-07
843 2.759039e-07
844 1.656418e-07
845 9.832939e-08
846 5.940212e-08
847 3.755896e-08
848 2.502267e-08
849 0.000000e+00
850 0.000000e+00
851 0.000000e+00
852 0.000000e+00
853 0.000000e+00
854 0.000000e+00
855 8.930423e-07
856 6.563330e-07
857 4.860961e-07
858 3.200834e-07
859 1.919638e-07
860 1.139757e-07
861 6.882326e-08
862 4.346931e-08
863 2.892970e-08
864 0.000000e+00
865 0.000000e+00
866 0.000000e+00
867 0.000000e+00
868 0.000000e+00
869 0.000000e+00
870 9.803054e-07
871 7.206483e-07
872 5.336874e-07
873 3.520478e-07
874 2.110267e-07
875 1.253154e-07
876 7.564539e-08
877 4.775618e-08
878 3.176587e-08
879 0.000000e+00
880 0.000000e+00
881 0.000000e+00
882 0.000000e+00
883 0.000000e+00
884 0.000000e+00
885 1.050555e-06
886 7.724410e-07
887 5.719915e-07
888 3.779348e-07
889 2.263889e-07
890 1.344302e-07
891 8.113969e-08
892 5.120457e-08
893 3.405101e-08
894 0.000000e+00
895 0.000000e+00
896 0.000000e+00
897 0.000000e+00
898 0.000000e+00
899 0.000000e+00
900 1.111695e-06
901 8.175176e-07
902 6.052899e-07
903 4.004388e-07
904 2.397622e-07
905 1.424179e-07
906 8.591074e-08
907 5.420729e-08
908 3.603760e-08
909 0.000000e+00
910 0.000000e+00
911 0.000000e+00
912 0.000000e+00
913 0.000000e+00
914 0.000000e+00
915 1.157232e-06
916 8.510456e-07
917 6.302271e-07
918 4.171755e-07
919 2.497226e-07
920 1.483430e-07
921 8.947752e-08
922 5.644468e-08
923 3.751781e-08
924 0.000000e+00
925 0.000000e+00
926 0.000000e+00
927 0.000000e+00
928 0.000000e+00
929 0.000000e+00
930 1.198941e-06
931 8.817531e-07
932 6.529391e-07
933 4.324766e-07
934 2.588285e-07
935 1.537598e-07
936 9.275842e-08
937 5.848647e-08
938 3.887125e-08
939 0.000000e+00
940 0.000000e+00
941 0.000000e+00
942 0.000000e+00
943 0.000000e+00
944 0.000000e+00
945 1.248686e-06
946 9.184230e-07
947 6.799566e-07
948 4.507683e-07
949 2.697343e-07
950 1.602513e-07
951 9.665271e-08
952 6.093025e-08
953 4.048837e-08
954 0.000000e+00
955 0.000000e+00
956 0.000000e+00
957 0.000000e+00
958 0.000000e+00
959 0.000000e+00
960 2.991204e-07
961 2.486651e-07
962 1.825292e-07
963 1.357674e-07
964 9.046913e-08
965 5.404258e-08
966 3.164035e-08
967 1.867704e-08
968 1.148694e-08
969 7.452223e-09
970 0.000000e+00
971 0.000000e+00
972 0.000000e+00
973 0.000000e+00
974 0.000000e+00
975 4.467867e-07
976 3.749038e-07
977 2.759971e-07
978 2.048328e-07
979 1.383684e-07
980 8.211348e-08
981 4.825241e-08
982 2.843732e-08
983 1.743112e-08
984 1.126051e-08
985 0.000000e+00
986 0.000000e+00
987 0.000000e+00
988 0.000000e+00
989 0.000000e+00
990 5.562549e-07
991 4.684557e-07
992 3.454972e-07
993 2.560045e-07
994 1.740971e-07
995 1.029889e-07
996 6.060597e-08
997 3.568571e-08
998 2.184645e-08
999 1.409201e-08
1000 0.000000e+00
1001 0.000000e+00
1002 0.000000e+00
1003 0.000000e+00
1004 0.000000e+00
1005 6.444381e-07
1006 5.436504e-07
1007 4.014813e-07
1008 2.971146e-07
1009 2.027793e-07
1010 1.198190e-07
1011 7.057641e-08
1012 4.154486e-08
1013 2.540110e-08
1014 1.637285e-08
1015 0.000000e+00
1016 0.000000e+00
1017 0.000000e+00
1018 0.000000e+00
1019 0.000000e+00
1020 7.213874e-07
1021 6.092331e-07
1022 4.501402e-07
1023 3.331040e-07
1024 2.278028e-07
1025 1.344359e-07
1026 7.922983e-08
1027 4.663356e-08
1028 2.851628e-08
1029 1.835524e-08
1030 0.000000e+00
1031 0.000000e+00
1032 0.000000e+00
1033 0.000000e+00
1034 0.000000e+00
1035 7.783489e-07
1036 6.581474e-07
1037 4.865352e-07
1038 3.597886e-07
1039 2.464501e-07
1040 1.453489e-07
1041 8.567068e-08
1042 5.043758e-08
1043 3.082184e-08
1044 1.983514e-08
1045 0.000000e+00
1046 0.000000e+00
1047 0.000000e+00
1048 0.000000e+00
1049 0.000000e+00
1050 8.306744e-07
1051 7.028045e-07
1052 5.199120e-07
1053 3.843337e-07
1054 2.634952e-07
1055 1.553118e-07
1056 9.159685e-08
1057 5.386575e-08
1058 3.293051e-08
1059 2.119785e-08
1060 0.000000e+00
1061 0.000000e+00
1062 0.000000e+00
1063 0.000000e+00
1064 0.000000e+00
1065 8.932071e-07
1066 7.564977e-07
1067 5.595102e-07
1068 4.136960e-07
1069 2.839100e-07
1070 1.672404e-07
1071 9.863044e-08
1072 5.802212e-08
1073 3.544641e-08
1074 2.281106e-08
1075 0.000000e+00
1076 0.000000e+00
1077 0.000000e+00
1078 0.000000e+00
1079 0.000000e+00
1080 1.626018e-07
1081 1.543986e-07
1082 1.240145e-07
1083 8.950108e-08
1084 6.749608e-08
1085 4.171719e-08
1086 2.576097e-08
1087 1.460881e-08
1088 8.418106e-09
1089 5.111753e-09
1090 3.282722e-09
1091 0.000000e+00
1092 0.000000e+00
1093 0.000000e+00
1094 0.000000e+00
1095 2.718784e-07
1096 2.589278e-07
1097 2.088329e-07
1098 1.507963e-07
1099 1.136223e-07
1100 7.079316e-08
1101 4.359649e-08
1102 2.472644e-08
1103 1.423560e-08
1104 8.624048e-09
1105 5.526870e-09
1106 0.000000e+00
1107 0.000000e+00
1108 0.000000e+00
1109 0.000000e+00
1110 3.633484e-07
1111 3.465086e-07
1112 2.798083e-07
1113 2.021042e-07
1114 1.522170e-07
1115 9.512571e-08
1116 5.849787e-08
1117 3.317902e-08
1118 1.909972e-08
1119 1.156152e-08
1120 7.404798e-09
1121 0.000000e+00
1122 0.000000e+00
1123 0.000000e+00
1124 0.000000e+00
1125 4.428681e-07
1126 4.227576e-07
1127 3.415033e-07
1128 2.467512e-07
1129 1.857653e-07
1130 1.163300e-07
1131 7.147998e-08
1132 4.054174e-08
1133 2.334248e-08
1134 1.412172e-08
1135 9.038390e-09
1136 0.000000e+00
1137 0.000000e+00
1138 0.000000e+00
1139 0.000000e+00
1140 5.022389e-07
1141 4.794325e-07
1142 3.876429e-07
1143 2.800415e-07
1144 2.107903e-07
1145 1.321430e-07
1146 8.116491e-08
1147 4.603450e-08
1148 2.649519e-08
1149 1.602905e-08
1150 1.025680e-08
1151 0.000000e+00
1152 0.000000e+00
1153 0.000000e+00
1154 0.000000e+00
1155 5.563188e-07
1156 5.313291e-07
1157 4.297119e-07
1158 3.104507e-07
1159 2.337314e-07
1160 1.465899e-07
1161 9.000955e-08
1162 5.105067e-08
1163 2.938112e-08
1164 1.776624e-08
1165 1.137105e-08
1166 0.000000e+00
1167 0.000000e+00
1168 0.000000e+00
1169 0.000000e+00
1170 6.210480e-07
1171 5.933152e-07
1172 4.798198e-07
1173 3.466904e-07
1174 2.610842e-07
1175 1.638972e-07
1176 1.005945e-07
1177 5.705484e-08
1178 3.283288e-08
1179 1.984926e-08
1180 1.269682e-08
1181 0.000000e+00
1182 0.000000e+00
1183 0.000000e+00
1184 0.000000e+00
1185 1.123496e-07
1186 1.140237e-07
1187 9.951100e-08
1188 7.415386e-08
1189 5.422270e-08
1190 3.919269e-08
1191 2.222686e-08
1192 1.293225e-08
1193 7.490635e-09
1194 4.369744e-09
1195 2.678577e-09
1196 0.000000e+00
1197 0.000000e+00
1198 0.000000e+00
1199 0.000000e+00
1200 1.992166e-07
1201 2.026609e-07
1202 1.774375e-07
1203 1.324665e-07
1204 9.678186e-08
1205 7.021140e-08
1206 3.974223e-08
1207 2.319647e-08
1208 1.341089e-08
1209 7.819412e-09
1210 4.783699e-09
1211 0.000000e+00
1212 0.000000e+00
1213 0.000000e+00
1214 0.000000e+00
1215 2.775155e-07
1216 2.825568e-07
1217 2.478295e-07
1218 1.852080e-07
1219 1.352267e-07
1220 9.825947e-08
1221 5.558450e-08
1222 3.249268e-08
1223 1.876775e-08
1224 1.094127e-08
1225 6.687696e-09
1226 0.000000e+00
1227 0.000000e+00
1228 0.000000e+00
1229 0.000000e+00
1230 3.358364e-07
1231 3.421476e-07
1232 3.002303e-07
1233 2.244642e-07
1234 1.638495e-07
1235 1.191522e-07
1236 6.739249e-08
1237 3.941930e-08
1238 2.275871e-08
1239 1.325903e-08
1240 8.104839e-09
1241 0.000000e+00
1242 0.000000e+00
1243 0.000000e+00
1244 0.000000e+00
1245 3.892177e-07
1246 3.966883e-07
1247 3.481664e-07
1248 2.603688e-07
1249 1.900338e-07
1250 1.382753e-07
1251 7.817937e-08
1252 4.574879e-08
1253 2.640426e-08
1254 1.539162e-08
1255 9.395284e-09
1256 0.000000e+00
1257 0.000000e+00
1258 0.000000e+00
1259 0.000000e+00
1260 4.530516e-07
1261 4.617827e-07
1262 4.054401e-07
1263 3.032482e-07
1264 2.213012e-07
1265 1.611091e-07
1266 9.108112e-08
1267 5.330798e-08
1268 3.076678e-08
1269 1.793401e-08
1270 1.094893e-08
1271 0.000000e+00
1272 0.000000e+00
1273 0.000000e+00
1274 0.000000e+00
1275 8.528529e-08
1276 9.066865e-08
1277 8.465231e-08
1278 6.665589e-08
1279 4.797543e-08
1280 3.630762e-08
1281 2.134601e-08
1282 1.319306e-08
1283 7.335793e-09
1284 4.119482e-09
1285 2.421509e-09
1286 0.000000e+00
1287 0.000000e+00
1288 0.000000e+00
1289 0.000000e+00
1290 1.584662e-07
1291 1.687701e-07
1292 1.579313e-07
1293 1.246514e-07
1294 8.971925e-08
1295 6.789530e-08
1296 4.013101e-08
1297 2.481406e-08
1298 1.379043e-08
1299 7.722305e-09
1300 4.532192e-09
1301 0.000000e+00
1302 0.000000e+00
1303 0.000000e+00
1304 0.000000e+00
1305 2.146156e-07
1306 2.286927e-07
1307 2.142670e-07
1308 1.692625e-07
1309 1.218304e-07
1310 9.219239e-08
1311 5.456403e-08
1312 3.374024e-08
1313 1.874930e-08
1314 1.048989e-08
1315 6.156109e-09
1316 0.000000e+00
1317 0.000000e+00
1318 0.000000e+00
1319 0.000000e+00
1320 2.660643e-07
1321 2.836050e-07
1322 2.657253e-07
1323 2.100056e-07
1324 1.511571e-07
1325 1.143828e-07
1326 6.777365e-08
1327 4.190969e-08
1328 2.328783e-08
1329 1.301821e-08
1330 7.639203e-09
1331 0.000000e+00
1332 0.000000e+00
1333 0.000000e+00
1334 0.000000e+00
1335 3.274417e-07
1336 3.491032e-07
1337 3.272074e-07
1338 2.586607e-07
1339 1.861788e-07
1340 1.408825e-07
1341 8.356221e-08
1342 5.166229e-08
1343 2.870582e-08
1344 1.604659e-08
1345 9.413274e-09
1346 0.000000e+00
1347 0.000000e+00
1348 0.000000e+00
1349 0.000000e+00
1350 6.866176e-08
1351 7.565108e-08
1352 7.453703e-08
1353 6.240906e-08
1354 4.547114e-08
1355 3.386250e-08
1356 2.273674e-08
1357 1.341050e-08
1358 7.476329e-09
1359 4.175566e-09
1360 2.354301e-09
1361 1.397922e-09
1362 0.000000e+00
1363 0.000000e+00
1364 0.000000e+00
1365 1.205467e-07
1366 1.330088e-07
1367 1.312864e-07
1368 1.102089e-07
1369 8.036601e-08
1370 5.978559e-08
1371 4.032760e-08
1372 2.371330e-08
1373 1.322839e-08
1374 7.401410e-09
1375 4.166745e-09
1376 2.469356e-09
1377 0.000000e+00
1378 0.000000e+00
1379 0.000000e+00
1380 1.691356e-07
1381 1.867016e-07
1382 1.844410e-07
1383 1.549931e-07
1384 1.130741e-07
1385 8.407879e-08
1386 5.682876e-08
1387 3.337482e-08
1388 1.862661e-08
1389 1.042961e-08
1390 5.866650e-09
1391 3.473543e-09
1392 0.000000e+00
1393 0.000000e+00
1394 0.000000e+00
1395 2.271990e-07
1396 2.508603e-07
1397 2.479948e-07
1398 2.085363e-07
1399 1.521140e-07
1400 1.131233e-07
1401 7.654910e-08
1402 4.490289e-08
1403 2.506029e-08
1404 1.403881e-08
1405 7.893296e-09
1406 4.674121e-09
1407 0.000000e+00
1408 0.000000e+00
1409 0.000000e+00
1410 4.885368e-08
1411 5.540868e-08
1412 5.703056e-08
1413 5.067688e-08
1414 3.816384e-08
1415 2.775038e-08
1416 2.046461e-08
1417 1.139692e-08
1418 6.630103e-09
1419 3.698487e-09
1420 2.051158e-09
1421 1.166497e-09
1422 0.000000e+00
1423 0.000000e+00
1424 0.000000e+00
1425 9.280777e-08
1426 1.053972e-07
1427 1.086650e-07
1428 9.688218e-08
1429 7.314745e-08
1430 5.312001e-08
1431 3.928605e-08
1432 2.188312e-08
1433 1.277074e-08
1434 7.110417e-09
1435 3.942624e-09
1436 2.236340e-09
1437 0.000000e+00
1438 0.000000e+00
1439 0.000000e+00
1440 1.463022e-07
1441 1.662331e-07
1442 1.715811e-07
1443 1.530391e-07
1444 1.158562e-07
1445 8.395889e-08
1446 6.225351e-08
1447 3.468581e-08
1448 2.023555e-08
1449 1.127611e-08
1450 6.251820e-09
1451 3.542618e-09
1452 0.000000e+00
1453 0.000000e+00
1454 0.000000e+00
1455 3.970869e-08
1456 4.613711e-08
1457 4.921376e-08
1458 4.607838e-08
1459 3.634849e-08
1460 2.615027e-08
1461 1.982243e-08
1462 1.159132e-08
1463 7.123900e-09
1464 3.854846e-09
1465 2.060218e-09
1466 1.129804e-09
1467 0.000000e+00
1468 0.000000e+00
1469 0.000000e+00
1470 8.812376e-08
1471 1.024765e-07
1472 1.094452e-07
1473 1.026800e-07
1474 8.116446e-08
1475 5.839326e-08
1476 4.426337e-08
1477 2.598969e-08
1478 1.597593e-08
1479 8.645071e-09
1480 4.610163e-09
1481 2.526002e-09
1482 0.000000e+00
1483 0.000000e+00
1484 0.000000e+00
1485 4.157876e-08
1486 4.930654e-08
1487 5.416754e-08
1488 5.305015e-08
1489 4.405090e-08
1490 3.198318e-08
1491 2.392663e-08
1492 1.570631e-08
1493 9.323627e-09
1494 5.082158e-09
1495 2.705481e-09
1496 1.434548e-09
1497 7.819959e-10
1498 0.000000e+00
1499 0.000000e+00
1500 9.088962e-05
1501 6.661535e-05
1502 4.957743e-05
1503 3.285909e-05
1504 1.975559e-05
1505 1.166877e-05
1506 7.028395e-06
1507 4.424266e-06
1508 2.939129e-06
1509 0.000000e+00
1510 0.000000e+00
1511 0.000000e+00
1512 0.000000e+00
1513 0.000000e+00
1514 0.000000e+00
1515 3.832962e-05
1516 3.265577e-05
1517 2.419100e-05
1518 1.785191e-05
1519 1.238348e-05
1520 7.255533e-06
1521 4.284489e-06
1522 2.517439e-06
1523 1.535864e-06
1524 9.856027e-07
1525 0.000000e+00
1526 0.000000e+00
1527 0.000000e+00
1528 0.000000e+00
1529 0.000000e+00
1530 3.229539e-05
1531 3.086490e-05
1532 2.496610e-05
1533 1.802698e-05
1534 1.358092e-05
1535 8.516276e-06
1536 5.244041e-06
1537 2.972531e-06
1538 1.705617e-06
1539 1.031917e-06
1540 6.602441e-07
1541 0.000000e+00
1542 0.000000e+00
1543 0.000000e+00
1544 0.000000e+00
1545 2.282666e-05
1546 2.327180e-05
1547 2.043270e-05
1548 1.527739e-05
1549 1.114688e-05
1550 8.123033e-06
1551 4.582322e-06
1552 2.678949e-06
1553 1.548637e-06
1554 9.027460e-07
1555 5.514543e-07
1556 0.000000e+00
1557 0.000000e+00
1558 0.000000e+00
1559 0.000000e+00
1560 1.691801e-05
1561 1.804287e-05
1562 1.691761e-05
1563 1.337621e-05
1564 9.624691e-06
1565 7.287620e-06
1566 4.316188e-06
1567 2.674046e-06
1568 1.484846e-06
1569 8.291367e-07
1570 4.864879e-07
1571 0.000000e+00
1572 0.000000e+00
1573 0.000000e+00
1574 0.000000e+00
1575 1.069028e-05
1576 1.181089e-05
1577 1.168424e-05
1578 9.834666e-06
1579 7.177772e-06
1580 5.333787e-06
1581 3.618951e-06
1582 2.120392e-06
1583 1.183048e-06
1584 6.634867e-07
1585 3.726237e-07
1586 2.203888e-07
1587 0.000000e+00
1588 0.000000e+00
1589 0.000000e+00
1590 6.744725e-06
1591 7.669195e-06
1592 7.923637e-06
1593 7.078532e-06
1594 5.353920e-06
1595 3.884376e-06
1596 2.881254e-06
1597 1.603075e-06
1598 9.386461e-07
1599 5.213303e-07
1600 2.891998e-07
1601 1.636899e-07
1602 0.000000e+00
1603 0.000000e+00
1604 0.000000e+00
1605 5.353424e-06
1606 6.229538e-06
1607 6.659678e-06
1608 6.257048e-06
1609 4.952358e-06
1610 3.562477e-06
1611 2.701033e-06
1612 1.589680e-06
1613 9.782644e-07
1614 5.292383e-07
1615 2.816363e-07
1616 1.542349e-07
1617 0.000000e+00
1618 0.000000e+00
1619 0.000000e+00
1620 2.403208e-06
1621 2.853387e-06
1622 3.140194e-06
1623 3.083566e-06
1624 2.568790e-06
1625 1.866963e-06
1626 1.394852e-06
1627 9.223158e-07
1628 5.452521e-07
1629 2.973714e-07
1630 1.587658e-07
1631 8.396899e-08
1632 4.563863e-08
1633 0.000000e+00
1634 0.000000e+00
1635 9.202655e-07
1636 1.116643e-06
1637 1.266937e-06
1638 1.302896e-06
1639 1.155120e-06
1640 8.685961e-07
1641 6.322075e-07
1642 4.647505e-07
1643 2.573326e-07
1644 1.468636e-07
1645 7.972687e-08
1646 4.161326e-08
1647 2.159273e-08
1648 1.150182e-08
1649 0.000000e+00
