0 2.047690e-09
1 1.508021e-09
2 1.097495e-09
3 8.000369e-10
4 5.884452e-10
5 4.371987e-10
6 3.286927e-10
7 2.490993e-10
8 1.891188e-10
9 1.427422e-10
10 1.062961e-10
11 7.758385e-11
12 5.522117e-11
13 3.819250e-11
14 2.563190e-11
15 1.670035e-11
16 1.058176e-11
17 6.542238e-12
18 3.961616e-12
19 2.358788e-12
20 0.000000e+00
21 0.000000e+00
22 0.000000e+00
23 0.000000e+00
24 0.000000e+00
25 3.421052e-09
26 2.554858e-09
27 1.867361e-09
28 1.352196e-09
29 9.850697e-10
30 7.236084e-10
31 5.377462e-10
32 4.044785e-10
33 3.066032e-10
34 2.325302e-10
35 1.751698e-10
36 1.300166e-10
37 9.445236e-11
38 6.684042e-11
39 4.593611e-11
40 3.061924e-11
41 1.980968e-11
42 1.246752e-11
43 7.660262e-12
44 4.613055e-12
45 0.000000e+00
46 0.000000e+00
47 0.000000e+00
48 0.000000e+00
49 0.000000e+00
50 3.868268e-09
51 2.899730e-09
52 2.124486e-09
53 1.537115e-09
54 1.117385e-09
55 8.188229e-10
56 6.066310e-10
57 4.552058e-10
58 3.446480e-10
59 2.615373e-10
60 1.973808e-10
61 1.469943e-10
62 1.072689e-10
63 7.630300e-11
64 5.272460e-11
65 3.533729e-11
66 2.297729e-11
67 1.452586e-11
68 8.957491e-12
69 5.409983e-12
70 0.000000e+00
71 0.000000e+00
72 0.000000e+00
73 0.000000e+00
74 0.000000e+00
75 4.117539e-09
76 3.091963e-09
77 2.267579e-09
78 1.639941e-09
79 1.190962e-09
80 8.717717e-10
81 6.449602e-10
82 4.834925e-10
83 3.658943e-10
84 2.776880e-10
85 2.097808e-10
86 1.564374e-10
87 1.143938e-10
88 8.157540e-11
89 5.650801e-11
90 3.796388e-11
91 2.474442e-11
92 1.567408e-11
93 9.681300e-12
94 5.854641e-12
95 0.000000e+00
96 0.000000e+00
97 0.000000e+00
98 0.000000e+00
99 0.000000e+00
100 4.285877e-09
101 3.221949e-09
102 2.364568e-09
103 1.709496e-09
104 1.240789e-09
105 9.077353e-10
106 6.708845e-10
107 5.026324e-10
108 3.802181e-10
109 2.886372e-10
110 2.181901e-10
111 1.628752e-10
112 1.192397e-10
113 8.513075e-11
114 5.906237e-11
115 3.974516e-11
116 2.593758e-11
117 1.644915e-11
118 1.016988e-11
119 6.154739e-12
120 0.000000e+00
121 0.000000e+00
122 0.000000e+00
123 0.000000e+00
124 0.000000e+00
125 4.413731e-09
126 3.320643e-09
127 2.438125e-09
128 1.762294e-09
129 1.278621e-09
130 9.348789e-10
131 6.905597e-10
132 5.171368e-10
133 3.910956e-10
134 2.968850e-10
135 2.244919e-10
136 1.677048e-10
137 1.228900e-10
138 8.783331e-11
139 6.100119e-11
140 4.109044e-11
141 2.684238e-11
142 1.703653e-11
143 1.054060e-11
144 6.382680e-12
145 0.000000e+00
146 0.000000e+00
147 0.000000e+00
148 0.000000e+00
149 0.000000e+00
150 4.516824e-09
151 3.400623e-09
152 2.497490e-09
153 1.805104e-09
154 1.309143e-09
155 9.570292e-10
156 7.064736e-10
157 5.288960e-10
158 3.999210e-10
159 3.036347e-10
160 2.296658e-10
161 1.716495e-10
162 1.258487e-10
163 9.002426e-11
164 6.257810e-11
165 4.218285e-11
166 2.757276e-11
167 1.751141e-11
168 1.083958e-11
169 6.566039e-12
170 0.000000e+00
171 0.000000e+00
172 0.000000e+00
173 0.000000e+00
174 0.000000e+00
175 4.600988e-09
176 3.465314e-09
177 2.545841e-09
178 1.839779e-09
179 1.334681e-09
180 9.752801e-10
181 7.195428e-10
182 5.384415e-10
183 4.071216e-10
184 3.091241e-10
185 2.338578e-10
186 1.748465e-10
187 1.282713e-10
188 9.180229e-11
189 6.385545e-11
190 4.306928e-11
191 2.816812e-11
192 1.789785e-11
193 1.108294e-11
194 6.715425e-12
195 0.000000e+00
196 0.000000e+00
197 0.000000e+00
198 0.000000e+00
199 0.000000e+00
200 4.677519e-09
201 3.524150e-09
202 2.589675e-09
203 1.871412e-09
204 1.356683e-09
205 9.910379e-10
206 7.309155e-10
207 5.468455e-10
208 4.134418e-10
209 3.139458e-10
210 2.375514e-10
211 1.776976e-10
212 1.304165e-10
213 9.338792e-11
214 6.498549e-11
215 4.385273e-11
216 2.869554e-11
217 1.823981e-11
218 1.129825e-11
219 6.847471e-12
220 0.000000e+00
221 0.000000e+00
222 0.000000e+00
223 0.000000e+00
224 0.000000e+00
225 4.771925e-09
226 3.597481e-09
227 2.644368e-09
228 1.910606e-09
229 1.384619e-09
230 1.011323e-09
231 7.459097e-10
232 5.579369e-10
233 4.217147e-10
234 3.203069e-10
235 2.424107e-10
236 1.813773e-10
237 1.331864e-10
238 9.543407e-11
239 6.645524e-11
240 4.487778e-11
241 2.938489e-11
242 1.868875e-11
243 1.158168e-11
244 7.021916e-12
245 0.000000e+00
246 0.000000e+00
247 0.000000e+00
248 0.000000e+00
249 0.000000e+00
250 7.358398e-09
251 5.643707e-09
252 4.229254e-09
253 3.087785e-09
254 2.223361e-09
255 1.610352e-09
256 1.173130e-09
257 8.653381e-10
258 6.466220e-10
259 4.881032e-10
260 3.697863e-10
261 2.789182e-10
262 2.077960e-10
263 1.518293e-10
264 1.082105e-10
265 7.494366e-11
266 5.034666e-11
267 3.280756e-11
268 2.077544e-11
269 1.282544e-11
270 0.000000e+00
271 0.000000e+00
272 0.000000e+00
273 0.000000e+00
274 0.000000e+00
275 9.241940e-09
276 7.142787e-09
277 5.403633e-09
278 3.979486e-09
279 2.868184e-09
280 2.067839e-09
281 1.500469e-09
282 1.098354e-09
283 8.153532e-10
284 6.125119e-10
285 4.631835e-10
286 3.500140e-10
287 2.621194e-10
288 1.930853e-10
289 1.390387e-10
290 9.744141e-11
291 6.628119e-11
292 4.372800e-11
293 2.800787e-11
294 1.746232e-11
295 0.000000e+00
296 0.000000e+00
297 0.000000e+00
298 0.000000e+00
299 0.000000e+00
300 1.030874e-08
301 7.992233e-09
302 6.069805e-09
303 4.485913e-09
304 3.235175e-09
305 2.328072e-09
306 1.686618e-09
307 1.230566e-09
308 9.112675e-10
309 6.830817e-10
310 5.161269e-10
311 3.902270e-10
312 2.928757e-10
313 2.164364e-10
314 1.565060e-10
315 1.101949e-10
316 7.532816e-11
317 4.993610e-11
318 3.212735e-11
319 2.010754e-11
320 0.000000e+00
321 0.000000e+00
322 0.000000e+00
323 0.000000e+00
324 0.000000e+00
325 1.103090e-08
326 8.567407e-09
327 6.520926e-09
328 4.829398e-09
329 3.484098e-09
330 2.504262e-09
331 1.813130e-09
332 1.320314e-09
333 9.762212e-10
334 7.308727e-10
335 5.520373e-10
336 4.175356e-10
337 3.137098e-10
338 2.322563e-10
339 1.683368e-10
340 1.188353e-10
341 8.145920e-11
342 5.414367e-11
343 3.491941e-11
344 2.190044e-11
345 0.000000e+00
346 0.000000e+00
347 0.000000e+00
348 0.000000e+00
349 0.000000e+00
350 1.157745e-08
351 9.002616e-09
352 6.861885e-09
353 5.088327e-09
354 3.672157e-09
355 2.638424e-09
356 1.908544e-09
357 1.388438e-09
358 1.025393e-09
359 7.670749e-10
360 5.791751e-10
361 4.381893e-10
362 3.294804e-10
363 2.442574e-10
364 1.773004e-10
365 1.253800e-10
366 8.609738e-11
367 5.732974e-11
368 3.703189e-11
369 2.325776e-11
370 0.000000e+00
371 0.000000e+00
372 0.000000e+00
373 0.000000e+00
374 0.000000e+00
375 1.202156e-08
376 9.356354e-09
377 7.138708e-09
378 5.299208e-09
379 3.824864e-09
380 2.746239e-09
381 1.985987e-09
382 1.443362e-09
383 1.065206e-09
384 7.964515e-10
385 6.012005e-10
386 4.549765e-10
387 3.422873e-10
388 2.539638e-10
389 1.845624e-10
390 1.306911e-10
391 8.986708e-11
392 5.991563e-11
393 3.874882e-11
394 2.435984e-11
395 0.000000e+00
396 0.000000e+00
397 0.000000e+00
398 0.000000e+00
399 0.000000e+00
400 1.238753e-08
401 9.647534e-09
402 7.368109e-09
403 5.473381e-09
404 3.951710e-09
405 2.835198e-09
406 2.049809e-09
407 1.488879e-09
408 1.098060e-09
409 8.205864e-10
410 6.193108e-10
411 4.687614e-10
412 3.528321e-10
413 2.619614e-10
414 1.905433e-10
415 1.350593e-10
416 9.296305e-11
417 6.204050e-11
418 4.015566e-11
419 2.526259e-11
420 0.000000e+00
421 0.000000e+00
422 0.000000e+00
423 0.000000e+00
424 0.000000e+00
425 1.271004e-08
426 9.904192e-09
427 7.568847e-09
428 5.626613e-09
429 4.061544e-09
430 2.914128e-09
431 2.105914e-09
432 1.528947e-09
433 1.127141e-09
434 8.419578e-10
435 6.354092e-10
436 4.809683e-10
437 3.621431e-10
438 2.690350e-10
439 1.958336e-10
440 1.389235e-10
441 9.570107e-11
442 6.392272e-11
443 4.140394e-11
444 2.606416e-11
445 0.000000e+00
446 0.000000e+00
447 0.000000e+00
448 0.000000e+00
449 0.000000e+00
450 1.311710e-08
451 1.022755e-08
452 7.822286e-09
453 5.819534e-09
454 4.202275e-09
455 3.013570e-09
456 2.177484e-09
457 1.579597e-09
458 1.163723e-09
459 8.689166e-10
460 6.554750e-10
461 4.962372e-10
462 3.738146e-10
463 2.779072e-10
464 2.024646e-10
465 1.437644e-10
466 9.913681e-11
467 6.627698e-11
468 4.296801e-11
469 2.706973e-11
470 0.000000e+00
471 0.000000e+00
472 0.000000e+00
473 0.000000e+00
474 0.000000e+00
475 1.274410e-08
476 9.966623e-09
477 7.642875e-09
478 5.726713e-09
479 4.173931e-09
480 2.995227e-09
481 2.160695e-09
482 1.566479e-09
483 1.148432e-09
484 8.534028e-10
485 6.408834e-10
486 4.834953e-10
487 3.635790e-10
488 2.703814e-10
489 1.974545e-10
490 1.408302e-10
491 9.771815e-11
492 6.582914e-11
493 4.303834e-11
494 2.734429e-11
495 0.000000e+00
496 0.000000e+00
497 0.000000e+00
498 0.000000e+00
499 0.000000e+00
500 1.497949e-08
501 1.178375e-08
502 9.087873e-09
503 6.857675e-09
504 5.033348e-09
505 3.614197e-09
506 2.597212e-09
507 1.877707e-09
508 1.368390e-09
509 1.011565e-09
510 7.564892e-10
511 5.696709e-10
512 4.287621e-10
513 3.199230e-10
514 2.349455e-10
515 1.687907e-10
516 1.181232e-10
517 8.030454e-11
518 5.298988e-11
519 3.396089e-11
520 0.000000e+00
521 0.000000e+00
522 0.000000e+00
523 0.000000e+00
524 0.000000e+00
525 1.650277e-08
526 1.302451e-08
527 1.007467e-08
528 7.631592e-09
529 5.620350e-09
530 4.036984e-09
531 2.896086e-09
532 2.090435e-09
533 1.518657e-09
534 1.119582e-09
535 8.355361e-10
536 6.285673e-10
537 4.732528e-10
538 3.537288e-10
539 2.605226e-10
540 1.878709e-10
541 1.320497e-10
542 9.018982e-11
543 5.979393e-11
544 3.848875e-11
545 0.000000e+00
546 0.000000e+00
547 0.000000e+00
548 0.000000e+00
549 0.000000e+00
550 1.765785e-08
551 1.396087e-08
552 1.082235e-08
553 8.216637e-09
554 6.064616e-09
555 4.357395e-09
556 3.121890e-09
557 2.251526e-09
558 1.632481e-09
559 1.201461e-09
560 8.954060e-10
561 6.731778e-10
562 5.069474e-10
563 3.793484e-10
564 2.798928e-10
565 2.023319e-10
566 1.425968e-10
567 9.768119e-11
568 6.493875e-11
569 4.191316e-11
570 0.000000e+00
571 0.000000e+00
572 0.000000e+00
573 0.000000e+00
574 0.000000e+00
575 1.859146e-08
576 1.472207e-08
577 1.142648e-08
578 8.690265e-09
579 6.424005e-09
580 4.616824e-09
581 3.304604e-09
582 2.381718e-09
583 1.724703e-09
584 1.267774e-09
585 9.439220e-10
586 7.092051e-10
587 5.341919e-10
588 4.000781e-10
589 2.955763e-10
590 2.140297e-10
591 1.511390e-10
592 1.037408e-10
593 6.910861e-11
594 4.468620e-11
595 0.000000e+00
596 0.000000e+00
597 0.000000e+00
598 0.000000e+00
599 0.000000e+00
600 1.936034e-08
601 1.534914e-08
602 1.192408e-08
603 9.080084e-09
604 6.720611e-09
605 4.830351e-09
606 3.455908e-09
607 2.489521e-09
608 1.800640e-09
609 1.322311e-09
610 9.838352e-10
611 7.389690e-10
612 5.566969e-10
613 4.171764e-10
614 3.085163e-10
615 2.236787e-10
616 1.581803e-10
617 1.087385e-10
618 7.254499e-11
619 4.697261e-11
620 0.000000e+00
621 0.000000e+00
622 0.000000e+00
623 0.000000e+00
624 0.000000e+00
625 2.004249e-08
626 1.590292e-08
627 1.236513e-08
628 9.425371e-09
629 6.982277e-09
630 5.018765e-09
631 3.589637e-09
632 2.584840e-09
633 1.868047e-09
634 1.370707e-09
635 1.019154e-09
636 7.653465e-10
637 5.766101e-10
638 4.322875e-10
639 3.199500e-10
640 2.322082e-10
641 1.644062e-10
642 1.131582e-10
643 7.558514e-11
644 4.899589e-11
645 0.000000e+00
646 0.000000e+00
647 0.000000e+00
648 0.000000e+00
649 0.000000e+00
650 2.090025e-08
651 1.660239e-08
652 1.292132e-08
653 9.861754e-09
654 7.314417e-09
655 5.258541e-09
656 3.758523e-09
657 2.705060e-09
658 1.952867e-09
659 1.431594e-09
660 1.063706e-09
661 7.985200e-10
662 6.016794e-10
663 4.513305e-10
664 3.343553e-10
665 2.429575e-10
666 1.722518e-10
667 1.187295e-10
668 7.942839e-11
669 5.155329e-11
670 0.000000e+00
671 0.000000e+00
672 0.000000e+00
673 0.000000e+00
674 0.000000e+00
675 1.847137e-08
676 1.467822e-08
677 1.141225e-08
678 8.695428e-09
679 6.459122e-09
680 4.669818e-09
681 3.340829e-09
682 2.406065e-09
683 1.740118e-09
684 1.275453e-09
685 9.463961e-10
686 7.091181e-10
687 5.329570e-10
688 3.986830e-10
689 2.946021e-10
690 2.136236e-10
691 1.512570e-10
692 1.042145e-10
693 6.975209e-11
694 4.534240e-11
695 0.000000e+00
696 0.000000e+00
697 0.000000e+00
698 0.000000e+00
699 0.000000e+00
700 2.100311e-08
701 1.679031e-08
702 1.311467e-08
703 1.004415e-08
704 7.508541e-09
705 5.452908e-09
706 3.897081e-09
707 2.799209e-09
708 2.018100e-09
709 1.471473e-09
710 1.086942e-09
711 8.117985e-10
712 6.093370e-10
713 4.562129e-10
714 3.381086e-10
715 2.463280e-10
716 1.754791e-10
717 1.217590e-10
718 8.211439e-11
719 5.378785e-11
720 0.000000e+00
721 0.000000e+00
722 0.000000e+00
723 0.000000e+00
724 0.000000e+00
725 2.292313e-08
726 1.839660e-08
727 1.441058e-08
728 1.106895e-08
729 8.305174e-09
730 6.049398e-09
731 4.319854e-09
732 3.098226e-09
733 2.229553e-09
734 1.620646e-09
735 1.193829e-09
736 8.899234e-10
737 6.674263e-10
738 4.999767e-10
739 3.711837e-10
740 2.712012e-10
741 1.938944e-10
742 1.351041e-10
743 9.151797e-11
744 6.021538e-11
745 0.000000e+00
746 0.000000e+00
747 0.000000e+00
748 0.000000e+00
749 0.000000e+00
750 2.448239e-08
751 1.969619e-08
752 1.545912e-08
753 1.189970e-08
754 8.952190e-09
755 6.532728e-09
756 4.662892e-09
757 3.340554e-09
758 2.400915e-09
759 1.741692e-09
760 1.280662e-09
761 9.531652e-10
762 7.144565e-10
763 5.354291e-10
764 3.979930e-10
765 2.913469e-10
766 2.088199e-10
767 1.459130e-10
768 9.913833e-11
769 6.542112e-11
770 0.000000e+00
771 0.000000e+00
772 0.000000e+00
773 0.000000e+00
774 0.000000e+00
775 2.577051e-08
776 2.077219e-08
777 1.632438e-08
778 1.258556e-08
779 9.485193e-09
780 6.931541e-09
781 4.946522e-09
782 3.540821e-09
783 2.542465e-09
784 1.841668e-09
785 1.352151e-09
786 1.005440e-09
787 7.533548e-10
788 5.646780e-10
789 4.201083e-10
790 3.079710e-10
791 2.211319e-10
792 1.548337e-10
793 1.054246e-10
794 6.971864e-11
795 0.000000e+00
796 0.000000e+00
797 0.000000e+00
798 0.000000e+00
799 0.000000e+00
800 2.690059e-08
801 2.171685e-08
802 1.708678e-08
803 1.318813e-08
804 9.955942e-09
805 7.283344e-09
806 5.195854e-09
807 3.717057e-09
808 2.667151e-09
809 1.929629e-09
810 1.415181e-09
811 1.051514e-09
812 7.875810e-10
813 5.904737e-10
814 4.396128e-10
815 3.226311e-10
816 2.319897e-10
817 1.626990e-10
818 1.109680e-10
819 7.350687e-11
820 0.000000e+00
821 0.000000e+00
822 0.000000e+00
823 0.000000e+00
824 0.000000e+00
825 2.832834e-08
826 2.290797e-08
827 1.804945e-08
828 1.395056e-08
829 1.054929e-08
830 7.726532e-09
831 5.510937e-09
832 3.939875e-09
833 2.824194e-09
834 2.040165e-09
835 1.494635e-09
836 1.109551e-09
837 8.307377e-10
838 6.229651e-10
839 4.641536e-10
840 3.411009e-10
841 2.456540e-10
842 1.726004e-10
843 1.179460e-10
844 7.827632e-11
845 0.000000e+00
846 0.000000e+00
847 0.000000e+00
848 0.000000e+00
849 0.000000e+00
850 2.460770e-08
851 1.986185e-08
852 1.562434e-08
853 1.204396e-08
854 9.080530e-09
855 6.655107e-09
856 4.765817e-09
857 3.407699e-09
858 2.450069e-09
859 1.772959e-09
860 1.300959e-09
861 9.658581e-10
862 7.223916e-10
863 5.405472e-10
864 4.016044e-10
865 2.941233e-10
866 2.111075e-10
867 1.478484e-10
868 1.007649e-10
869 6.674461e-11
870 0.000000e+00
871 0.000000e+00
872 0.000000e+00
873 0.000000e+00
874 0.000000e+00
875 2.744911e-08
876 2.229842e-08
877 1.762275e-08
878 1.363857e-08
879 1.033554e-08
880 7.618327e-09
881 5.466757e-09
882 3.899860e-09
883 2.798882e-09
884 2.016443e-09
885 1.473360e-09
886 1.089482e-09
887 8.128296e-10
888 6.077837e-10
889 4.520833e-10
890 3.320832e-10
891 2.394063e-10
892 1.686100e-10
893 1.156428e-10
894 7.711831e-11
895 0.000000e+00
896 0.000000e+00
897 0.000000e+00
898 0.000000e+00
899 0.000000e+00
900 2.975640e-08
901 2.427643e-08
902 1.924765e-08
903 1.493547e-08
904 1.135577e-08
905 8.401277e-09
906 6.037887e-09
907 4.299568e-09
908 3.082494e-09
909 2.214590e-09
910 1.613711e-09
911 1.190019e-09
912 8.862506e-10
913 6.624260e-10
914 4.931247e-10
915 3.629326e-10
916 2.624166e-10
917 1.854828e-10
918 1.277427e-10
919 8.555374e-11
920 0.000000e+00
921 0.000000e+00
922 0.000000e+00
923 0.000000e+00
924 0.000000e+00
925 3.165934e-08
926 2.591048e-08
927 2.058662e-08
928 1.600672e-08
929 1.219725e-08
930 9.047017e-09
931 6.508692e-09
932 4.630250e-09
933 3.316603e-09
934 2.378222e-09
935 1.729401e-09
936 1.272996e-09
937 9.469083e-10
938 7.074850e-10
939 5.269569e-10
940 3.884140e-10
941 2.814123e-10
942 1.994183e-10
943 1.377091e-10
944 9.250526e-11
945 0.000000e+00
946 0.000000e+00
947 0.000000e+00
948 0.000000e+00
949 0.000000e+00
950 3.333766e-08
951 2.734600e-08
952 2.176681e-08
953 1.694922e-08
954 1.293983e-08
955 9.616546e-09
956 6.924226e-09
957 4.921485e-09
958 3.523087e-09
959 2.522439e-09
960 1.831470e-09
961 1.346161e-09
962 1.000378e-09
963 7.472188e-10
964 5.567947e-10
965 4.107938e-10
966 2.980989e-10
967 2.116558e-10
968 1.465002e-10
969 9.863515e-11
970 0.000000e+00
971 0.000000e+00
972 0.000000e+00
973 0.000000e+00
974 0.000000e+00
975 3.546084e-08
976 2.916101e-08
977 2.325579e-08
978 1.813857e-08
979 1.387652e-08
980 1.033525e-08
981 7.447538e-09
982 5.288835e-09
983 3.782858e-09
984 2.703770e-09
985 1.960019e-09
986 1.438389e-09
987 1.067789e-09
988 7.973170e-10
989 5.943856e-10
990 4.390565e-10
991 3.191709e-10
992 2.271140e-10
993 1.575806e-10
994 1.063627e-10
995 0.000000e+00
996 0.000000e+00
997 0.000000e+00
998 0.000000e+00
999 0.000000e+00
1000 3.128086e-08
1001 2.565678e-08
1002 2.042108e-08
1003 1.589250e-08
1004 1.211884e-08
1005 9.005907e-09
1006 6.501301e-09
1007 4.628582e-09
1008 3.312142e-09
1009 2.375974e-09
1010 1.725003e-09
1011 1.267628e-09
1012 9.413483e-10
1013 7.022415e-10
1014 5.224157e-10
1015 3.847895e-10
1016 2.787853e-10
1017 1.976797e-10
1018 1.367115e-10
1019 9.200504e-11
1020 0.000000e+00
1021 0.000000e+00
1022 0.000000e+00
1023 0.000000e+00
1024 0.000000e+00
1025 3.448011e-08
1026 2.846709e-08
1027 2.277656e-08
1028 1.779360e-08
1029 1.362415e-08
1030 1.017895e-08
1031 7.379963e-09
1032 5.251287e-09
1033 3.749603e-09
1034 2.683154e-09
1035 1.939197e-09
1036 1.419096e-09
1037 1.050279e-09
1038 7.820251e-10
1039 5.817384e-10
1040 4.291737e-10
1041 3.119232e-10
1042 2.221520e-10
1043 1.544443e-10
1044 1.045611e-10
1045 0.000000e+00
1046 0.000000e+00
1047 0.000000e+00
1048 0.000000e+00
1049 0.000000e+00
1050 3.712702e-08
1051 3.079176e-08
1052 2.472087e-08
1053 1.936608e-08
1054 1.486911e-08
1055 1.114845e-08
1056 8.106675e-09
1057 5.766170e-09
1058 4.111243e-09
1059 2.937595e-09
1060 2.116280e-09
1061 1.544344e-09
1062 1.140376e-09
1063 8.480010e-10
1064 6.307518e-10
1065 4.658365e-10
1066 3.392929e-10
1067 2.423633e-10
1068 1.691031e-10
1069 1.149424e-10
1070 0.000000e+00
1071 0.000000e+00
1072 0.000000e+00
1073 0.000000e+00
1074 0.000000e+00
1075 3.945366e-08
1076 3.283678e-08
1077 2.643632e-08
1078 2.075123e-08
1079 1.596690e-08
1080 1.200321e-08
1081 8.746123e-09
1082 6.219657e-09
1083 4.429432e-09
1084 3.161367e-09
1085 2.272369e-09
1086 1.654691e-09
1087 1.219712e-09
1088 9.061376e-10
1089 6.739048e-10
1090 4.981232e-10
1091 3.633952e-10
1092 2.601618e-10
1093 1.820112e-10
1094 1.240812e-10
1095 0.000000e+00
1096 0.000000e+00
1097 0.000000e+00
1098 0.000000e+00
1099 0.000000e+00
1100 4.240102e-08
1101 3.542018e-08
1102 2.860388e-08
1103 2.250056e-08
1104 1.735222e-08
1105 1.308290e-08
1106 9.555360e-09
1107 6.793739e-09
1108 4.831890e-09
1109 3.443743e-09
1110 2.469477e-09
1111 1.794040e-09
1112 1.319942e-09
1113 9.794360e-10
1114 7.283936e-10
1115 5.388799e-10
1116 3.938171e-10
1117 2.826320e-10
1118 1.983047e-10
1119 1.356229e-10
1120 0.000000e+00
1121 0.000000e+00
1122 0.000000e+00
1123 0.000000e+00
1124 0.000000e+00
1125 3.865764e-08
1126 3.221103e-08
1127 2.596833e-08
1128 2.040209e-08
1129 1.570108e-08
1130 1.181000e-08
1131 8.624581e-09
1132 6.148396e-09
1133 4.374721e-09
1134 3.124741e-09
1135 2.244395e-09
1136 1.633083e-09
1137 1.202147e-09
1138 8.917903e-10
1139 6.624232e-10
1140 4.891384e-10
1141 3.566061e-10
1142 2.552433e-10
1143 1.786090e-10
1144 1.218505e-10
1145 0.000000e+00
1146 0.000000e+00
1147 0.000000e+00
1148 0.000000e+00
1149 0.000000e+00
1150 4.218272e-08
1151 3.538387e-08
1152 2.868066e-08
1153 2.262397e-08
1154 1.747313e-08
1155 1.320239e-08
1156 9.689912e-09
1157 6.920404e-09
1158 4.913674e-09
1159 3.504446e-09
1160 2.506768e-09
1161 1.817021e-09
1162 1.332387e-09
1163 9.856092e-10
1164 7.312008e-10
1165 5.401399e-10
1166 3.945587e-10
1167 2.833350e-10
1168 1.991319e-10
1169 1.365510e-10
1170 0.000000e+00
1171 0.000000e+00
1172 0.000000e+00
1173 0.000000e+00
1174 0.000000e+00
1175 4.529231e-08
1176 3.818183e-08
1177 3.107729e-08
1178 2.458675e-08
1179 1.903917e-08
1180 1.443256e-08
1181 1.063033e-08
1182 7.602337e-09
1183 5.389749e-09
1184 3.839987e-09
1185 2.738925e-09
1186 1.979438e-09
1187 1.447288e-09
1188 1.068561e-09
1189 7.919362e-10
1190 5.851776e-10
1191 4.280671e-10
1192 3.081355e-10
1193 2.172498e-10
1194 1.495288e-10
1195 0.000000e+00
1196 0.000000e+00
1197 0.000000e+00
1198 0.000000e+00
1199 0.000000e+00
1200 4.922223e-08
1201 4.171541e-08
1202 3.409793e-08
1203 2.706126e-08
1204 2.101354e-08
1205 1.598374e-08
1206 1.181823e-08
1207 8.463405e-09
1208 5.990325e-09
1209 4.262685e-09
1210 3.031435e-09
1211 2.184413e-09
1212 1.592355e-09
1213 1.172940e-09
1214 8.685033e-10
1215 6.419461e-10
1216 4.703035e-10
1217 3.394023e-10
1218 2.400882e-10
1219 1.658929e-10
1220 0.000000e+00
1221 0.000000e+00
1222 0.000000e+00
1223 0.000000e+00
1224 0.000000e+00
1225 4.665507e-08
1226 3.948227e-08
1227 3.225109e-08
1228 2.558873e-08
1229 1.985493e-08
1230 1.508334e-08
1231 1.114788e-08
1232 7.998608e-09
1233 5.668573e-09
1234 4.034217e-09
1235 2.873870e-09
1236 2.071754e-09
1237 1.510496e-09
1238 1.112379e-09
1239 8.230051e-10
1240 6.075807e-10
1241 4.444805e-10
1242 3.202609e-10
1243 2.262033e-10
1244 1.560851e-10
1245 0.000000e+00
1246 0.000000e+00
1247 0.000000e+00
1248 0.000000e+00
1249 0.000000e+00
1250 5.066955e-08
1251 4.317674e-08
1252 3.547657e-08
1253 2.827471e-08
1254 2.201606e-08
1255 1.679134e-08
1256 1.247205e-08
1257 8.981751e-09
1258 6.359345e-09
1259 4.517875e-09
1260 3.210320e-09
1261 2.304315e-09
1262 1.672910e-09
1263 1.227698e-09
1264 9.063193e-10
1265 6.686436e-10
1266 4.895970e-10
1267 3.535977e-10
1268 2.506333e-10
1269 1.737225e-10
1270 0.000000e+00
1271 0.000000e+00
1272 0.000000e+00
1273 0.000000e+00
1274 0.000000e+00
1275 5.574220e-08
1276 4.783577e-08
1277 3.954774e-08
1278 3.166191e-08
1279 2.474363e-08
1280 1.894763e-08
1281 1.414623e-08
1282 1.022535e-08
1283 7.232741e-09
1284 5.128696e-09
1285 3.634968e-09
1286 2.598051e-09
1287 1.878079e-09
1288 1.373312e-09
1289 1.011479e-09
1290 7.457091e-10
1291 5.465347e-10
1292 3.956678e-10
1293 2.814681e-10
1294 1.959832e-10
1295 0.000000e+00
1296 0.000000e+00
1297 0.000000e+00
1298 0.000000e+00
1299 0.000000e+00
1300 5.570381e-08
1301 4.788703e-08
1302 3.966874e-08
1303 3.182077e-08
1304 2.489696e-08
1305 1.907988e-08
1306 1.426296e-08
1307 1.033728e-08
1308 7.324810e-09
1309 5.188550e-09
1310 3.679385e-09
1311 2.625507e-09
1312 1.895472e-09
1313 1.383700e-09
1314 1.017462e-09
1315 7.491306e-10
1316 5.485586e-10
1317 3.969781e-10
1318 2.824336e-10
1319 1.967790e-10
1320 0.000000e+00
1321 0.000000e+00
1322 0.000000e+00
1323 0.000000e+00
1324 0.000000e+00
1325 6.216013e-08
1326 5.393900e-08
1327 4.506956e-08
1328 3.640655e-08
1329 2.863198e-08
1330 2.204965e-08
1331 1.658973e-08
1332 1.210184e-08
1333 8.587580e-09
1334 6.065660e-09
1335 4.292874e-09
1336 3.045442e-09
1337 2.186369e-09
1338 1.587001e-09
1339 1.161853e-09
1340 8.534223e-10
1341 6.247750e-10
1342 4.529596e-10
1343 3.234351e-10
1344 2.265007e-10
1345 0.000000e+00
1346 0.000000e+00
1347 0.000000e+00
1348 0.000000e+00
1349 0.000000e+00
1350 7.093147e-08
1351 6.238133e-08
1352 5.280354e-08
1353 4.313213e-08
1354 3.420968e-08
1355 2.652589e-08
1356 2.012298e-08
1357 1.483541e-08
1358 1.060079e-08
1359 7.467339e-09
1360 5.271037e-09
1361 3.715810e-09
1362 2.645174e-09
1363 1.902141e-09
1364 1.381332e-09
1365 1.008730e-09
1366 7.363142e-10
1367 5.338841e-10
1368 3.823381e-10
1369 2.692072e-10
1370 0.000000e+00
1371 0.000000e+00
1372 0.000000e+00
1373 0.000000e+00
1374 0.000000e+00
