0 2.538371e-05
1 2.054466e-05
2 1.674334e-05
3 1.350435e-05
4 9.983886e-06
5 7.021027e-06
6 5.018734e-06
7 3.490646e-06
8 2.456900e-06
9 0.000000e+00
10 0.000000e+00
11 0.000000e+00
12 0.000000e+00
13 0.000000e+00
14 0.000000e+00
15 0.000000e+00
16 0.000000e+00
17 0.000000e+00
18 0.000000e+00
19 0.000000e+00
20 0.000000e+00
21 0.000000e+00
22 0.000000e+00
23 0.000000e+00
24 0.000000e+00
25 1.456664e-05
26 1.268858e-05
27 1.036353e-05
28 8.321320e-06
29 6.859041e-06
30 5.433319e-06
31 3.739669e-06
32 2.694899e-06
33 1.854897e-06
34 1.289154e-06
35 8.932933e-07
36 0.000000e+00
37 0.000000e+00
38 0.000000e+00
39 0.000000e+00
40 0.000000e+00
41 0.000000e+00
42 0.000000e+00
43 0.000000e+00
44 0.000000e+00
45 0.000000e+00
46 0.000000e+00
47 0.000000e+00
48 0.000000e+00
49 0.000000e+00
50 9.826779e-06
51 9.217365e-06
52 7.990046e-06
53 6.494311e-06
54 5.208837e-06
55 4.310564e-06
56 3.400034e-06
57 2.291266e-06
58 1.675454e-06
59 1.123983e-06
60 7.788403e-07
61 5.335132e-07
62 0.000000e+00
63 0.000000e+00
64 0.000000e+00
65 0.000000e+00
66 0.000000e+00
67 0.000000e+00
68 0.000000e+00
69 0.000000e+00
70 0.000000e+00
71 0.000000e+00
72 0.000000e+00
73 0.000000e+00
74 0.000000e+00
75 6.881863e-06
76 6.781428e-06
77 6.215577e-06
78 5.262745e-06
79 4.227520e-06
80 3.415781e-06
81 2.840065e-06
82 2.126715e-06
83 1.419528e-06
84 1.045700e-06
85 6.917001e-07
86 4.686510e-07
87 3.197649e-07
88 0.000000e+00
89 0.000000e+00
90 0.000000e+00
91 0.000000e+00
92 0.000000e+00
93 0.000000e+00
94 0.000000e+00
95 0.000000e+00
96 0.000000e+00
97 0.000000e+00
98 0.000000e+00
99 0.000000e+00
100 4.982343e-06
101 5.079371e-06
102 4.862049e-06
103 4.302955e-06
104 3.538733e-06
105 2.826714e-06
106 2.323045e-06
107 1.895483e-06
108 1.299484e-06
109 9.219524e-07
110 6.277245e-07
111 4.310342e-07
112 2.866929e-07
113 0.000000e+00
114 0.000000e+00
115 0.000000e+00
116 0.000000e+00
117 0.000000e+00
118 0.000000e+00
119 0.000000e+00
120 0.000000e+00
121 0.000000e+00
122 0.000000e+00
123 0.000000e+00
124 0.000000e+00
125 3.723338e-06
126 3.890346e-06
127 3.847464e-06
128 3.539843e-06
129 3.005182e-06
130 2.414308e-06
131 1.947413e-06
132 1.623447e-06
133 1.223575e-06
134 8.061138e-07
135 5.981340e-07
136 3.882809e-07
137 2.587916e-07
138 1.729147e-07
139 0.000000e+00
140 0.000000e+00
141 0.000000e+00
142 0.000000e+00
143 0.000000e+00
144 0.000000e+00
145 0.000000e+00
146 0.000000e+00
147 0.000000e+00
148 0.000000e+00
149 0.000000e+00
150 2.885572e-06
151 3.071380e-06
152 3.113508e-06
153 2.956655e-06
154 2.591874e-06
155 2.116541e-06
156 1.691030e-06
157 1.397328e-06
158 1.128036e-06
159 7.534120e-07
160 5.469145e-07
161 3.585811e-07
162 2.456614e-07
163 1.610905e-07
164 0.000000e+00
165 0.000000e+00
166 0.000000e+00
167 0.000000e+00
168 0.000000e+00
169 0.000000e+00
170 0.000000e+00
171 0.000000e+00
172 0.000000e+00
173 0.000000e+00
174 0.000000e+00
175 2.162071e-06
176 2.335970e-06
177 2.415386e-06
178 2.354627e-06
179 2.127365e-06
180 1.776202e-06
181 1.419418e-06
182 1.154946e-06
183 9.605300e-07
184 6.876657e-07
185 4.636855e-07
186 3.314582e-07
187 2.201424e-07
188 1.425480e-07
189 0.000000e+00
190 0.000000e+00
191 0.000000e+00
192 0.000000e+00
193 0.000000e+00
194 0.000000e+00
195 0.000000e+00
196 0.000000e+00
197 0.000000e+00
198 0.000000e+00
199 0.000000e+00
200 1.375982e-06
201 1.508911e-06
202 1.590729e-06
203 1.591463e-06
204 1.485168e-06
205 1.277777e-06
206 1.032071e-06
207 8.280234e-07
208 6.897949e-07
209 5.374266e-07
210 3.498667e-07
211 2.611609e-07
212 1.653480e-07
213 1.101788e-07
214 7.158728e-08
215 0.000000e+00
216 0.000000e+00
217 0.000000e+00
218 0.000000e+00
219 0.000000e+00
220 0.000000e+00
221 0.000000e+00
222 0.000000e+00
223 0.000000e+00
224 0.000000e+00
225 7.214736e-07
226 8.025179e-07
227 8.616108e-07
228 8.832152e-07
229 8.508654e-07
230 7.578797e-07
231 6.256061e-07
232 4.992687e-07
233 4.094420e-07
234 3.372108e-07
235 2.317752e-07
236 1.616732e-07
237 1.096628e-07
238 7.396559e-08
239 4.718316e-08
240 0.000000e+00
241 0.000000e+00
242 0.000000e+00
243 0.000000e+00
244 0.000000e+00
245 0.000000e+00
246 0.000000e+00
247 0.000000e+00
248 0.000000e+00
249 0.000000e+00
