0 7.881846e+02
1 3.042855e+02
2 3.250793e+01
3 8.934086e+00
4 6.875615e+02
5 2.267549e+02
6 1.936745e+01
7 4.400336e+00
8 4.639349e+02
9 1.294362e+02
10 8.697186e+00
11 1.623123e+00
12 2.623568e+02
13 6.153555e+01
14 3.215725e+00
15 4.917282e-01
16 1.634578e-08
17 1.231423e-08
18 9.082623e-09
19 6.447240e-09
20 4.505871e-09
21 2.077672e-08
22 1.550373e-08
23 1.111177e-08
24 7.769095e-09
25 5.386103e-09
26 2.690782e-08
27 1.947982e-08
28 1.365897e-08
29 9.473984e-09
30 6.449280e-09
31 3.170642e-08
32 2.249633e-08
33 1.563077e-08
34 1.077141e-08
35 7.254044e-09
36 2.113864e-08
37 1.591614e-08
38 1.175904e-08
39 8.350715e-09
40 5.836783e-09
41 2.684811e-08
42 2.005448e-08
43 1.439356e-08
44 1.006059e-08
45 6.979239e-09
46 3.477909e-08
47 2.522947e-08
48 1.768645e-08
49 1.227451e-08
50 8.358209e-09
51 4.101505e-08
52 2.913953e-08
53 2.023827e-08
54 1.395794e-08
55 9.402395e-09
56 2.476629e-08
57 1.864239e-08
58 1.378478e-08
59 9.791424e-09
60 6.844128e-09
61 3.144348e-08
62 2.349889e-08
63 1.687750e-08
64 1.179498e-08
65 8.185075e-09
66 4.073675e-08
67 2.958129e-08
68 2.073478e-08
69 1.439420e-08
70 9.803085e-09
71 4.806063e-08
72 3.416767e-08
73 2.372563e-08
74 1.636981e-08
75 1.102850e-08
76 2.770806e-08
77 2.085317e-08
78 1.542761e-08
79 1.095986e-08
80 7.661112e-09
81 3.516999e-08
82 2.629207e-08
83 1.889199e-08
84 1.320159e-08
85 9.163031e-09
86 4.556799e-08
87 3.311063e-08
88 2.320700e-08
89 1.611332e-08
90 1.097490e-08
91 5.377415e-08
92 3.824555e-08
93 2.655388e-08
94 1.832588e-08
95 1.234729e-08
96 3.013461e-08
97 2.267674e-08
98 1.678273e-08
99 1.192363e-08
100 8.334980e-09
101 3.824368e-08
102 2.859617e-08
103 2.055363e-08
104 1.436182e-08
105 9.969671e-09
106 4.955306e-08
107 3.602179e-08
108 2.524619e-08
109 1.753128e-08
110 1.194143e-08
111 5.848724e-08
112 4.160914e-08
113 2.888675e-08
114 1.993929e-08
115 1.343505e-08
116 3.227237e-08
117 2.428330e-08
118 1.797650e-08
119 1.277264e-08
120 8.928613e-09
121 4.095168e-08
122 3.062595e-08
123 2.201742e-08
124 1.538390e-08
125 1.068027e-08
126 5.306387e-08
127 3.858633e-08
128 2.704258e-08
129 1.878042e-08
130 1.279288e-08
131 6.263918e-08
132 4.457223e-08
133 3.094185e-08
134 2.136060e-08
135 1.439329e-08
136 3.497013e-08
137 2.631071e-08
138 1.948299e-08
139 1.384407e-08
140 9.677756e-09
141 4.436908e-08
142 3.318745e-08
143 2.386467e-08
144 1.667373e-08
145 1.157701e-08
146 5.749437e-08
147 4.182268e-08
148 2.930957e-08
149 2.035678e-08
150 1.386738e-08
151 6.787876e-08
152 4.831155e-08
153 3.353532e-08
154 2.315424e-08
155 1.560256e-08
156 1.313077e-08
157 9.524343e-09
158 7.088395e-09
159 5.275269e-09
160 3.733543e-09
161 1.611364e-08
162 1.186401e-08
163 8.887533e-09
164 6.417026e-09
165 4.435016e-09
166 2.034939e-08
167 1.527289e-08
168 1.120604e-08
169 7.800263e-09
170 5.384084e-09
171 2.399428e-08
172 1.797646e-08
173 1.285505e-08
174 8.831013e-09
175 6.098700e-09
176 1.857654e-08
177 1.346355e-08
178 1.000697e-08
179 7.458904e-09
180 5.282684e-09
181 2.278731e-08
182 1.674900e-08
183 1.255209e-08
184 9.079610e-09
185 6.272499e-09
186 2.874166e-08
187 2.155026e-08
188 1.585008e-08
189 1.103245e-08
190 7.616497e-09
191 3.385327e-08
192 2.538114e-08
193 1.818949e-08
194 1.248511e-08
195 8.628846e-09
196 2.299350e-08
197 1.665856e-08
198 1.237418e-08
199 9.230009e-09
200 6.539164e-09
201 2.820020e-08
202 2.071112e-08
203 1.552434e-08
204 1.123918e-08
205 7.762848e-09
206 3.554848e-08
207 2.664172e-08
208 1.961678e-08
209 1.365402e-08
210 9.427166e-09
211 4.184972e-08
212 3.138695e-08
213 2.251615e-08
214 1.544889e-08
215 1.068100e-08
216 2.663615e-08
217 1.929348e-08
218 1.432641e-08
219 1.069063e-08
220 7.575377e-09
221 3.266420e-08
222 2.397867e-08
223 1.797555e-08
224 1.302017e-08
225 8.991932e-09
226 4.116204e-08
227 3.084065e-08
228 2.272315e-08
229 1.581601e-08
230 1.092042e-08
231 4.844438e-08
232 3.633992e-08
233 2.608433e-08
234 1.789310e-08
235 1.237340e-08
236 2.984523e-08
237 2.161477e-08
238 1.604627e-08
239 1.197741e-08
240 8.488255e-09
241 3.659685e-08
242 2.685729e-08
243 2.013499e-08
244 1.458918e-08
245 1.007472e-08
246 4.610743e-08
247 3.453976e-08
248 2.545979e-08
249 1.772067e-08
250 1.223593e-08
251 5.425407e-08
252 4.070334e-08
253 2.922781e-08
254 2.004639e-08
255 1.386437e-08
256 3.389468e-08
257 2.454395e-08
258 1.821652e-08
259 1.360115e-08
260 9.640190e-09
261 4.155937e-08
262 3.048975e-08
263 2.285994e-08
264 1.656907e-08
265 1.144107e-08
266 5.234789e-08
267 3.920760e-08
268 2.891308e-08
269 2.012412e-08
270 1.389595e-08
271 6.158519e-08
272 4.620944e-08
273 3.319448e-08
274 2.276357e-08
275 1.574577e-08
276 1.092728e-08
277 7.927318e-09
278 5.672763e-09
279 4.202289e-09
280 3.098730e-09
281 1.340553e-08
282 9.547343e-09
283 6.971975e-09
284 5.199537e-09
285 3.713616e-09
286 1.654650e-08
287 1.188615e-08
288 8.903876e-09
289 6.472373e-09
290 4.473792e-09
291 1.889415e-08
292 1.386793e-08
293 1.037906e-08
294 7.338496e-09
295 5.017377e-09
296 1.684264e-08
297 1.223288e-08
298 8.747487e-09
299 6.469843e-09
300 4.777695e-09
301 2.067490e-08
302 1.472804e-08
303 1.073632e-08
304 8.006429e-09
305 5.730553e-09
306 2.552823e-08
307 1.831452e-08
308 1.369953e-08
309 9.980725e-09
310 6.900844e-09
311 2.913956e-08
312 2.134356e-08
313 1.597450e-08
314 1.132310e-08
315 7.733836e-09
316 2.172142e-08
317 1.578396e-08
318 1.128341e-08
319 8.340034e-09
320 6.162445e-09
321 2.667042e-08
322 1.900090e-08
323 1.384101e-08
324 1.032145e-08
325 7.394052e-09
326 3.293604e-08
327 2.361639e-08
328 1.765480e-08
329 1.287429e-08
330 8.902589e-09
331 3.758961e-08
332 2.750918e-08
333 2.058939e-08
334 1.460946e-08
335 9.974271e-09
336 2.601990e-08
337 1.891266e-08
338 1.351770e-08
339 9.987787e-09
340 7.382491e-09
341 3.195283e-08
342 2.276553e-08
343 1.657643e-08
344 1.236112e-08
345 8.859691e-09
346 3.946275e-08
347 2.828766e-08
348 2.113963e-08
349 1.542369e-08
350 1.066624e-08
351 4.503460e-08
352 3.294146e-08
353 2.465540e-08
354 1.750494e-08
355 1.194823e-08
356 3.144333e-08
357 2.286017e-08
358 1.633673e-08
359 1.206676e-08
360 8.921830e-09
361 3.861767e-08
362 2.751540e-08
363 2.002773e-08
364 1.493458e-08
365 1.070890e-08
366 4.769755e-08
367 3.418143e-08
368 2.553646e-08
369 1.864028e-08
370 1.289146e-08
371 5.442799e-08
372 3.979539e-08
373 2.978550e-08
374 2.115818e-08
375 1.443878e-08
376 9.675313e-09
377 7.294201e-09
378 5.149522e-09
379 3.634034e-09
380 2.723152e-09
381 1.208835e-08
382 8.736428e-09
383 6.080942e-09
384 4.445207e-09
385 3.329585e-09
386 1.515288e-08
387 1.055588e-08
388 7.494680e-09
389 5.685219e-09
390 4.039019e-09
391 1.718173e-08
392 1.188329e-08
393 8.706543e-09
394 6.569646e-09
395 4.476422e-09
396 1.562854e-08
397 1.179459e-08
398 8.329746e-09
399 5.873853e-09
400 4.396324e-09
401 1.953648e-08
402 1.412958e-08
403 9.830986e-09
404 7.177388e-09
405 5.375471e-09
406 2.450423e-08
407 1.706894e-08
408 1.210394e-08
409 9.174117e-09
410 6.527968e-09
411 2.778781e-08
412 1.920370e-08
413 1.405035e-08
414 1.060363e-08
415 7.238644e-09
416 2.087394e-08
417 1.575988e-08
418 1.113185e-08
419 7.847361e-09
420 5.870558e-09
421 2.609904e-08
422 1.888150e-08
423 1.313516e-08
424 9.584716e-09
425 7.178102e-09
426 3.274373e-08
427 2.280760e-08
428 1.616517e-08
429 1.224819e-08
430 8.720985e-09
431 3.713285e-08
432 2.565371e-08
433 1.875878e-08
434 1.415797e-08
435 9.672442e-09
436 2.749236e-08
437 2.076312e-08
438 1.466742e-08
439 1.033745e-08
440 7.730681e-09
441 3.437938e-08
442 2.487727e-08
443 1.730421e-08
444 1.262218e-08
445 9.452583e-09
446 4.313997e-08
447 3.004840e-08
448 2.128945e-08
449 1.612691e-08
450 1.148804e-08
451 4.892402e-08
452 3.379206e-08
453 2.469967e-08
454 1.864269e-08
455 1.274330e-08
