0 3.255787e-05
1 2.634812e-05
2 2.148380e-05
3 1.721660e-05
4 1.271915e-05
5 8.919087e-06
6 6.391021e-06
7 4.424762e-06
8 3.131724e-06
9 0.000000e+00
10 0.000000e+00
11 0.000000e+00
12 0.000000e+00
13 0.000000e+00
14 0.000000e+00
15 0.000000e+00
16 0.000000e+00
17 0.000000e+00
18 0.000000e+00
19 0.000000e+00
20 0.000000e+00
21 0.000000e+00
22 0.000000e+00
23 0.000000e+00
24 0.000000e+00
25 2.351198e-05
26 2.050329e-05
27 1.672630e-05
28 1.340194e-05
29 1.107208e-05
30 8.832197e-06
31 6.012007e-06
32 4.372311e-06
33 2.984086e-06
34 2.083000e-06
35 1.441337e-06
36 0.000000e+00
37 0.000000e+00
38 0.000000e+00
39 0.000000e+00
40 0.000000e+00
41 0.000000e+00
42 0.000000e+00
43 0.000000e+00
44 0.000000e+00
45 0.000000e+00
46 0.000000e+00
47 0.000000e+00
48 0.000000e+00
49 0.000000e+00
50 1.708338e-05
51 1.606407e-05
52 1.394627e-05
53 1.133063e-05
54 9.071899e-06
55 7.517845e-06
56 5.973271e-06
57 3.986361e-06
58 2.943971e-06
59 1.952172e-06
60 1.360310e-06
61 9.315654e-07
62 0.000000e+00
63 0.000000e+00
64 0.000000e+00
65 0.000000e+00
66 0.000000e+00
67 0.000000e+00
68 0.000000e+00
69 0.000000e+00
70 0.000000e+00
71 0.000000e+00
72 0.000000e+00
73 0.000000e+00
74 0.000000e+00
75 1.236010e-05
76 1.220591e-05
77 1.121207e-05
78 9.504506e-06
79 7.630390e-06
80 6.156400e-06
81 5.133362e-06
82 3.863202e-06
83 2.553757e-06
84 1.903777e-06
85 1.249442e-06
86 8.444990e-07
87 5.770313e-07
88 0.000000e+00
89 0.000000e+00
90 0.000000e+00
91 0.000000e+00
92 0.000000e+00
93 0.000000e+00
94 0.000000e+00
95 0.000000e+00
96 0.000000e+00
97 0.000000e+00
98 0.000000e+00
99 0.000000e+00
100 9.107233e-06
101 9.299084e-06
102 8.917896e-06
103 7.905490e-06
104 6.504410e-06
105 5.190860e-06
106 4.263803e-06
107 3.495575e-06
108 2.393651e-06
109 1.696026e-06
110 1.153963e-06
111 7.969665e-07
112 5.289150e-07
113 0.000000e+00
114 0.000000e+00
115 0.000000e+00
116 0.000000e+00
117 0.000000e+00
118 0.000000e+00
119 0.000000e+00
120 0.000000e+00
121 0.000000e+00
122 0.000000e+00
123 0.000000e+00
124 0.000000e+00
125 6.847500e-06
126 7.162816e-06
127 7.094182e-06
128 6.537322e-06
129 5.555445e-06
130 4.462277e-06
131 3.595866e-06
132 3.001951e-06
133 2.271860e-06
134 1.487295e-06
135 1.112680e-06
136 7.176730e-07
137 4.776155e-07
138 3.194967e-07
139 0.000000e+00
140 0.000000e+00
141 0.000000e+00
142 0.000000e+00
143 0.000000e+00
144 0.000000e+00
145 0.000000e+00
146 0.000000e+00
147 0.000000e+00
148 0.000000e+00
149 0.000000e+00
150 5.214304e-06
151 5.555461e-06
152 5.638818e-06
153 5.363118e-06
154 4.708195e-06
155 3.846730e-06
156 3.071357e-06
157 2.536973e-06
158 2.055946e-06
159 1.371930e-06
160 9.959577e-07
161 6.516934e-07
162 4.484194e-07
163 2.937580e-07
164 0.000000e+00
165 0.000000e+00
166 0.000000e+00
167 0.000000e+00
168 0.000000e+00
169 0.000000e+00
170 0.000000e+00
171 0.000000e+00
172 0.000000e+00
173 0.000000e+00
174 0.000000e+00
175 3.615496e-06
176 3.910135e-06
177 4.048210e-06
178 3.952923e-06
179 3.577988e-06
180 2.991236e-06
181 2.390238e-06
182 1.942933e-06
183 1.618836e-06
184 1.163866e-06
185 7.805680e-07
186 5.616912e-07
187 3.721719e-07
188 2.406034e-07
189 0.000000e+00
190 0.000000e+00
191 0.000000e+00
192 0.000000e+00
193 0.000000e+00
194 0.000000e+00
195 0.000000e+00
196 0.000000e+00
197 0.000000e+00
198 0.000000e+00
199 0.000000e+00
200 2.061844e-06
201 2.262527e-06
202 2.387248e-06
203 2.391006e-06
204 2.234327e-06
205 1.924662e-06
206 1.555187e-06
207 1.246959e-06
208 1.038796e-06
209 8.121985e-07
210 5.278298e-07
211 3.948496e-07
212 2.492243e-07
213 1.663447e-07
214 1.080538e-07
215 0.000000e+00
216 0.000000e+00
217 0.000000e+00
218 0.000000e+00
219 0.000000e+00
220 0.000000e+00
221 0.000000e+00
222 0.000000e+00
223 0.000000e+00
224 0.000000e+00
225 8.947180e-07
226 9.950703e-07
227 1.068141e-06
228 1.094628e-06
229 1.054128e-06
230 9.384310e-07
231 7.742341e-07
232 6.177777e-07
233 5.068014e-07
234 4.174227e-07
235 2.862580e-07
236 2.000810e-07
237 1.353100e-07
238 9.148846e-08
239 5.836416e-08
240 0.000000e+00
241 0.000000e+00
242 0.000000e+00
243 0.000000e+00
244 0.000000e+00
245 0.000000e+00
246 0.000000e+00
247 0.000000e+00
248 0.000000e+00
249 0.000000e+00
